0	0	0.22030930393389636	0.08496716201427569	0.018740890822634162	4.1616814702646264E-5	2.1798684466050936E-5	0.0845936767903633	0.16318109294740452	0.09977299074924019	2.600025572212358E-4	0.0014107847248384857	0.0012082798121337318	0.24519310062526992	1.3344847909822308E-4	0.08009775564743538	6.809539702009398E-5
1	1	0.05059224118028621	0.007926282023715798	0.0168839455303332	1.1324353744735192E-4	5.93164123268973E-5	7.078270246071931E-4	5.774253019022244E-4	0.011001445861184336	7.074931018980187E-4	7.37805017952946E-4	0.25757658102443065	0.06868624088341277	0.31977458046894747	8.783018227258583E-4	0.263777270808829
2	2	0.01080032001156659	0.006398441032519876	0.03115276048676638	9.141512937627691E-5	4.788279869410509E-5	5.713888888412217E-4	4.661229229356074E-4	0.5746331771442612	0.16829415508438622	5.955884343686408E-4	1.5076792307997644E-4	0.02290325794149443	2.931317562142915E-4	0.1834520126949393	1.4957775055583506E-4
3	3	0.030654863271387084	0.03731698050430006	0.3401348849903872	1.0853162094709154E-4	5.684833345653089E-5	0.0066224754175315615	5.533993851123515E-4	0.4206866007538808	6.78055232896412E-4	7.071059094966807E-4	0.01801129804963419	0.01827549436922462	3.480174985264614E-4	0.12566786010105493	1.775845621639229E-4
4	4	0.0015840489304252056	0.05318725657595858	0.002239824054974652	0.030415557287388064	9.637645201530091E-5	0.011227254089836759	9.381923099884705E-4	0.007797803767545296	0.0011495245971798547	0.0011987749615993972	0.851825755653284	0.030982918918428422	0.0056285965484301845	0.0014270521454735076	3.0106370747238364E-4
5	5	0.03246849626241566	0.18818304227326546	0.28149953728606	7.267611172332873E-5	3.806739268720563E-5	0.30495121187287133	3.705732503493442E-4	0.08069689667663768	0.0123951035396056	0.016394909065989012	1.1986228643787387E-4	0.004277128568240552	0.07784991306701844	5.63666261528643E-4	1.1891608516982663E-4
6	6	0.3733088594567837	0.008891327831387946	0.30766731344557324	1.2703123775028644E-4	6.653834246652025E-5	0.00427265386021219	6.477283601554221E-4	0.07495654740905078	7.936322589329043E-4	0.13649486861224094	2.0950838239320563E-4	0.007476031988462881	4.0733837024443346E-4	9.852373934456904E-4	0.08369538305089975
7	7	8.794719623083689E-4	0.05190945356639968	0.015230824266094404	1.0215576773999815E-4	5.3508692658542336E-5	0.23002963045432348	5.208891064158584E-4	0.21413831967948857	6.382218590508619E-4	6.655659099879946E-4	1.6848209960305428E-4	0.4759840877169267	0.0031250252163367376	0.006387211612534533	1.6715209013114005E-4
8	8	0.14005511544650173	0.14051663323131558	0.07917299016650474	6.976055987169246E-5	3.65402408541705E-5	0.11123553322425443	3.557069414535686E-4	0.20545209564399028	4.358316245349704E-4	0.17238475669708547	1.1505376403789077E-4	2.8487047745133476E-4	0.10338184556438064	0.01582374271801933	0.030679523699744155
9	9	6.902419041887851E-4	0.003416206402212748	0.1041665378851913	8.017559930352836E-5	4.1995587686892735E-5	5.011363754642413E-4	0.006995443440570136	0.5874124305413222	5.00899960619451E-4	5.223605763024599E-4	1.3223094110527292E-4	3.2740077338185095E-4	2.570910787933052E-4	0.29482466183304523	1.311871008126573E-4
10	10	0.004961503756046867	0.16197458159600428	0.2624928422264232	7.828494135800306E-5	4.100527028076223E-5	0.03907716773982735	3.991724995261519E-4	0.09549981351873998	0.07337724702742664	5.100425495886644E-4	1.2911274203202984E-4	0.013182296481877107	2.5102849497645005E-4	0.34789780763887157	1.2809351702087438E-4
11	11	6.668174756754593E-4	0.10723095483250535	0.01791114573919345	7.745471611315503E-5	4.057040234871357E-5	0.3631810017730574	3.9493920662962695E-4	0.15811805181579897	0.3016707775048698	0.004746702141908792	1.2774347923375623E-4	0.004558358601980579	2.483662946849204E-4	0.009084865844214139	0.031942250171785855
12	12	0.10386820133043416	0.02873080351761298	0.06910795126806783	5.1039910040781865E-5	2.6734455822825918E-5	0.003114396952781882	2.6025092582490677E-4	0.5612376334844825	0.04364715152982179	3.325355476595136E-4	8.417842083188573E-5	2.0842383675149763E-4	1.6366457685237896E-4	0.18908352033252168	8.3513910493393E-5
13	13	0.19601725272281403	0.12440771171447532	0.1089546385576345	4.3039246078541176E-5	2.2543747079787496E-5	0.0403412364085396	0.015541187059065585	0.20454230174906995	2.6888924876278903E-4	0.19710572667802437	0.0012495779058951013	0.013140294600271123	0.0213527144854948	0.0769424630304016	7.042284639284098E-5
14	14	0.4854365836267361	0.13215959578840544	0.05373340106565273	5.1039910040781865E-5	2.6734455822825918E-5	0.036658870121687545	0.03660009685880604	0.07204739977127488	3.1887368665197937E-4	0.0310816359524897	8.417842083188573E-5	0.11481870716384585	1.6366457685237896E-4	0.03673570469040845	8.3513910493393E-5
15	15	6.122740001123242E-4	0.006925402161927282	0.002813287977955304	7.11191751747775E-5	3.725187692036889E-5	4.4452933289799534E-4	3.6263447894697813E-4	0.0010665028671944976	0.006286941753107797	0.002410896814102129	0.9777827309460327	2.904184459707155E-4	2.280507489486137E-4	5.515908686251247E-4	1.163685520833516E-4
16	16	0.0010568634886475145	0.12961381357796792	0.1225157768470398	1.2276082206848574E-4	6.430151957049667E-5	0.3772782932532951	0.010711069140211511	0.3111177960638774	7.669526822858416E-4	0.0041615172573941	2.024653282792294E-4	5.012995030327795E-4	3.936448552090968E-4	0.041292578608296125	2.008670528245667E-4
17	17	0.002718655476726889	0.2989979634665496	0.08365502253075786	7.553223845418036E-5	3.9563417931947134E-5	0.09561800045175138	0.02106902510310937	0.25347612146532084	0.16594299880129665	0.04185988522350223	0.029082016771977852	3.0843939427931095E-4	2.4220167777409831E-4	0.006790984565998085	1.23589414569654E-4
18	18	0.017560598933454956	0.22716625737899404	0.2121463656179653	7.71275358090464E-5	4.039902690194453E-5	0.013154533146405063	0.2306094213246713	0.2546055771370718	0.01949053004236961	5.025018135689706E-4	1.272038716736106E-4	3.149538649199336E-4	2.4731715831333227E-4	0.023831013432462533	1.26199715418503E-4
19	19	0.05272311802525822	0.18093544729616984	0.20120810682250848	1.2571923917912566E-4	6.585112401703077E-5	0.011113963240003487	0.3173711874304207	0.015656161248765576	0.17292138599516574	0.007704524809294941	2.0734454692081234E-4	0.021169694395713208	0.017616726365075025	9.750617069346612E-4	2.057077545731139E-4
20	20	0.18444913326147042	0.03584759607859968	0.3478968981983107	1.240114922912981E-4	6.49566145303817E-5	0.03133871572982744	6.323307712719515E-4	0.34485100476991654	0.00417072004154739	0.010995821721313876	2.0452801695273386E-4	5.064066728169958E-4	3.9765525437780426E-4	0.03831730791828325	2.029134584894914E-4
21	21	0.45590923759084045	0.1191986873482596	0.09156471196366589	0.008507458245115198	0.00847080714606984	0.015234431661905728	0.1795404239407411	0.1002124623981883	4.808415003331206E-4	5.014427290302222E-4	1.2693577382775085E-4	3.142900608106775E-4	2.467959069039563E-4	0.019565540000352346	1.2593373395577973E-4
22	22	0.2712974291203661	0.16394659857014568	0.08091292808035556	1.161244285174372E-4	6.082540901168825E-5	7.258339908352122E-4	0.013312006602923256	0.058980914235486986	7.254915732046264E-4	0.4077931098620158	1.9152014579948342E-4	4.741994825782519E-4	3.723645954772444E-4	9.006456309021694E-4	1.9000827238043272E-4
23	23	0.25928202610669376	0.05386848235486884	0.3264294670502836	1.0601105952523791E-4	5.5528075683203656E-5	0.0064686736415243504	0.003443573675825525	0.16415922853930578	0.006468361045318005	6.906839316335572E-4	1.7484050372383578E-4	4.329010718609608E-4	3.3993506620617545E-4	0.1779068275769818	1.734603005653114E-4
24	24	0.057494191339549555	0.10167598543795868	0.08129601952956775	0.006678283684525992	0.18637741394493476	0.04174251155036956	0.03405236236565739	0.10014751549046615	0.22460218074600144	0.04351039648551516	0.011014270479347688	0.02727108075487731	0.021414584634940892	0.05179588049805044	0.010927323058237248
25	25	7.389112587829326E-4	0.0036570850851021814	0.0033951632124318287	8.582882703227324E-5	4.495672078547664E-5	0.028740702393300885	0.04039363189410126	0.21046846572071076	0.5669711833177465	0.08282153178070564	1.4155462099476598E-4	0.014452601292208916	2.752187189740165E-4	0.047672727978201164	1.40437178921336E-4
26	26	0.1455327614801977	0.07387574601233904	0.001236642723125742	1.0158739590484779E-4	5.3210982264742174E-5	0.19536713951093632	0.0032998791248786408	0.04603361424620735	0.28160537195493146	0.014571303494710053	0.03911397850758158	4.1483683656895037E-4	0.19783980729865386	7.87898338399068E-4	1.6622209330062476E-4
27	27	0.1127108362290177	0.14372830833120614	0.0019040443627360913	1.5641292742074966E-4	0.004365169001098704	0.03952682270280981	7.975446888466044E-4	0.032328252346284496	9.771954293577528E-4	0.583539794024909	2.579666229319508E-4	6.387194339589942E-4	5.01553697099085E-4	0.0783114499859454	2.559302163775123E-4
28	28	0.04484547857276947	0.18484047246494537	0.019612900986106276	0.005125944150160612	2.429006365698744E-5	0.0015597478145934758	0.14500422724730175	0.11244597312167642	2.897183394584661E-4	3.0213106540827165E-4	7.648179615481138E-5	0.0027291526384626897	1.4870035195345088E-4	0.48291890334384235	7.587804350954775E-5
29	29	0.006505575623849863	0.2071885874253895	0.07153447806377619	7.167755500022693E-5	3.754435354824515E-5	0.006336513938577198	3.654816404411707E-4	0.15221290082765418	0.4813415224354771	0.006355488524812069	1.1821540014840727E-4	2.9269861585134055E-4	2.298412497112927E-4	0.0672921921462473	1.1728219951585376E-4
30	30	0.04128899495488282	0.20639553483232148	0.14092722853571174	1.1324353744735192E-4	5.93164123268973E-5	0.010011073250010586	5.774253019022244E-4	0.001698199635780944	7.074931018980187E-4	0.5589325785421564	0.01879326123907694	4.624352304545603E-4	3.6312673009765103E-4	0.019484794273532644	1.852944223995829E-4
31	31	0.0015375659130119155	0.21791162597933977	0.10487961253822727	1.7859719584728458E-4	9.354833969426557E-5	0.22609030399074645	9.106615887812014E-4	0.10538375768617059	0.010897270054607668	0.006054336392648405	2.9455439673414314E-4	7.293099216242166E-4	0.13751337623914006	0.18723325059969115	2.9222916373566204E-4
32	32	7.734510281150996E-4	0.003828032372433535	0.0035538671877855246	8.984082150726344E-5	4.705818391437608E-5	5.615487012255924E-4	4.580955757064132E-4	0.0062676881060425745	5.61283786412894E-4	5.85331493692437E-4	0.034591220005580285	3.6686915593089225E-4	2.880835805609335E-4	6.967934688697164E-4	0.9473308365322224
33	33	0.03844501111593795	0.25794624571859776	0.12337249226233538	5.335154040689282E-5	2.7945276528664087E-5	0.010560392482589104	2.720378577075188E-4	0.3076076439803378	0.08653163703871622	3.4759629657476175E-4	0.04830061133604007	0.08495519634646068	0.0016320655484307893	0.03986047689010176	8.72963092345927E-5
34	34	0.1817736385019414	0.13383930742555006	0.14602685182396555	3.743579853087916E-5	1.9608688597145283E-5	0.17758474540175878	0.129359640870707	0.08359844508584358	2.3388150725117004E-4	0.06482828039829534	6.174161358027664E-5	0.014504954916115174	1.2004163253406454E-4	0.06795017211436291	6.125422096666068E-5
35	35	0.01833082199190676	0.12934717280046476	0.12031458160269468	1.0601105952523791E-4	5.5528075683203656E-5	0.0064686736415243504	0.003443573675825525	0.12351685676090798	0.0790440249353141	0.1574541179340251	1.7484050372383578E-4	0.18042054751905126	0.16581244873539724	0.015337340463390569	1.734603005653114E-4
36	36	0.25636095432559103	0.06710645179871093	0.11570511341046959	4.945024360311388E-5	2.5901796299780006E-5	3.0908800258880884E-4	2.521452657282234E-4	0.12938624843920735	0.004371406170638861	0.06125913828225085	8.155663701084414E-5	2.0193236022206975E-4	1.5856715241237745E-4	0.364651133292049	8.091282321710906E-5
37	37	0.37334178154864484	0.24891202799808965	0.09717992626835445	4.8985902188750396E-5	2.5658576532756706E-5	0.0405493571223305	2.4977760318943E-4	0.16439015640740368	0.00164748024749185	0.036538007593472734	8.079081420753725E-5	0.035077451482137444	1.5707819522111063E-4	0.0017213671948626713	8.01530458725459E-5
38	38	0.023376042363096063	0.1947188096075676	0.21499858984962872	4.6609973523078334E-5	2.4414076691361168E-5	0.0015677111144051618	0.25040739353924796	0.044095753000378976	0.023265968686650387	0.00285642595130152	0.03836815758906793	1.9033398579275572E-4	0.12523432490379346	0.07056219050237235	0.010287274856482696
39	39	0.0031560237247316115	0.30868145108992173	0.010671966823156907	8.768361367747736E-5	4.5928248979538035E-5	5.480651061875381E-4	4.4709603956988813E-4	0.36148655898866316	5.478065523619566E-4	0.03658844242624797	0.007348046776084436	0.050782091919326124	0.04590290935446193	0.09672583734977507	0.07698009198685457
40	40	0.034148211770362084	0.19523345318189428	0.2685687955610778	8.142703549970022E-5	4.2651083859885773E-5	0.011658023822961197	0.1565021090422755	0.025749023301201518	0.14990619423664686	0.004990140087158164	1.3429489307308472E-4	3.325110710537597E-4	0.06269586997481594	0.08982406017832086	1.3323475979935576E-4
41	41	0.3728127759552743	0.04938564989589634	0.022730329679885773	5.3744138245842283E-5	2.8150917360968554E-5	0.0018076663961290721	0.3402458572190137	0.024353778399057086	3.357684503105924E-4	3.5015415252083785E-4	0.058958217205021875	0.04142817183146415	0.017833209592333463	0.06958858747113206	8.793869635392202E-5
42	42	0.0015134501549459336	0.05015264661199272	0.007420576183769231	0.05185742363412847	2.202458587043366E-5	2.628209710148891E-4	2.1440192767255053E-4	0.0697177204213997	0.011777224881305457	0.0025768575827090985	0.6990011919287359	1.717053348832062E-4	0.0012862842055157394	0.10280541771151724	0.0012202538645394792
43	43	0.3623643353588082	0.0081021602716334	0.007748909331743387	0.003285649084959669	6.063259898813372E-5	0.026082675242341966	5.902379358834521E-4	0.5437875431019381	7.231918427204251E-4	0.003924069115864994	1.909130474762207E-4	4.7269632107237717E-4	3.711842396425464E-4	0.04210639654039331	1.8940596653377272E-4
44	44	0.001382097879292569	0.0024441801958542996	0.1162560168588789	1.6053868230247293E-4	8.408937841859098E-5	0.0010034446149419193	8.185817856368843E-4	0.024388542996268976	0.0010029712324166986	0.5110075915681713	2.6477109281454676E-4	6.555671451179266E-4	0.33902380891941264	0.0012451166791731711	2.6268097129919233E-4
45	45	0.16851004019679078	0.10152493892202018	0.1262792583762667	9.141512937627691E-5	4.788279869410509E-5	0.0055780466724991325	4.661229229356074E-4	0.051437438752009575	0.3710637953225316	0.08821209964838207	0.005157425706737888	0.07296983577807353	0.002796460648043247	0.005715661375083442	1.4957775055583506E-4
46	46	0.0025548390571267124	0.05550582006984106	0.3662900360071883	7.098093691050424E-5	0.02530599664935264	0.09180015816172114	0.025630746787265055	0.1138022295771743	0.029599783490780098	0.017956251963090333	1.1706649117366719E-4	0.1052526330029901	0.08380907968807323	0.04720064273741243	0.03510373537990039
47	47	0.14221841967139273	0.05840506861998069	0.10387248191209622	1.288237674100491E-4	6.747726075539928E-5	0.00786067899310884	6.568684135596912E-4	0.10423612635215276	8.048311529079295E-4	0.004367047419577905	2.124647417585057E-4	5.260578211625247E-4	4.130862958976328E-4	0.5760197800480042	2.107875302348341E-4
48	48	0.32757432044183116	0.0392652651521886	0.04019426698262887	3.8179451333109566E-5	1.999821030619344E-5	2.386400853188997E-4	0.2061607744201621	0.15844503070202842	0.105835359770084	0.043114787825457426	6.296809533717911E-5	0.0012014207486823023	1.2242622962886502E-4	0.07766409086422205	6.247102079083764E-5
49	49	8.745787770850662E-4	0.040493088465466905	0.19596881174654657	1.0158739590484779E-4	5.3210982264742174E-5	0.011762523003139517	0.06728330608971692	0.18512802069150794	6.346709354242581E-4	6.618628501799943E-4	1.675447028974165E-4	0.48168148313730896	3.2575014632700783E-4	7.87898338399068E-4	0.014075662737830683
50	50	0.2228207520722639	0.1182354094005511	0.09515667272289628	0.011484733870063083	5.4422152995687864E-5	0.043327551633455016	0.003374989879117807	0.07837871008942743	0.003494325648654459	0.40469654118468157	1.7135829985874906E-4	0.011805113390606746	0.00602358185089502	8.058322190720808E-4	1.7000558546095718E-4
51	51	0.10092118416380975	0.001914058781549844	0.060056627416750406	1.2571923917912566E-4	6.585112401703077E-5	7.858062103138711E-4	0.031625509609008	0.3427144671889367	7.854355003388179E-4	8.190867895018633E-4	2.0734454692081234E-4	5.133803363339779E-4	0.33778959428545313	0.10769935101372735	0.013976583794159267
52	52	0.001301965673566534	0.0934118185251682	0.055678304484207033	1.512308619881599E-4	7.92139875567933E-5	0.4067960011732353	7.711214971630933E-4	0.1803452206969645	0.17488084955169958	0.03825730654807509	0.008532088075480785	0.037889564500558796	4.849368859493694E-4	0.0011729264621246566	2.474510762622101E-4
53	53	0.01228849789353166	0.4776213086618562	0.024150992733219617	8.443958743458606E-5	4.4229043863201265E-5	5.277883690331471E-4	4.3055484989227763E-4	0.024389349265624995	0.2710677339079958	0.09766713424614765	0.025574666298730137	0.007281741031214279	2.7076398324426366E-4	0.019153377054858943	0.03944742307335315
54	54	0.4097615624297847	0.039456556043341466	0.07313305273657955	0.008976657242599863	1.656531311684993E-4	0.03661835739504182	0.0016125774557785501	0.0913465840570512	0.001975818209699388	0.105985290307981	5.21589782116146E-4	0.0012914443217714316	0.22618454830987336	0.0024528362612983583	5.174723159146767E-4
55	55	0.08680277402876403	0.03788061116612401	0.017268595034574816	1.8307403221252432E-4	9.589328473701528E-5	0.11143763455059393	0.09618682194562272	0.1782120437053327	0.4072237606797766	0.06135276495981564	3.019378935946887E-4	7.475912902827106E-4	5.870451964116079E-4	0.0014198978574012447	2.9955437475585124E-4
56	56	0.005268742715625535	0.11446743948587298	0.0017819256968043178	0.11639371568924951	7.667373516748684E-5	0.008932010763433782	0.13302784263687645	0.04628894777688447	0.004923050350380617	0.06108163509631789	2.414215568274479E-4	0.05270862833141671	0.28106640020911794	0.005143841563323081	0.16859772439270188
57	57	0.29867752821878313	0.041758432984227545	0.13440848286645948	4.288760476582253E-5	2.2464318100140928E-5	2.680683274136921E-4	0.09299961157978456	0.0499697122017482	2.679418641691112E-4	0.04608266503009386	7.073309571988605E-5	0.014268439192493938	1.3752339454756003E-4	0.3174320081799912	0.0035935011417018528
58	58	8.944856491559767E-4	0.1779847888221571	0.015490833494088313	1.038996945190846E-4	5.4422152995687864E-5	0.04901796872122701	0.3248835553382357	0.08406912717719943	0.19981371517678842	6.769279528696971E-4	1.7135829985874906E-4	4.242792150627473E-4	0.11983192360633498	0.026412709114046074	1.7000558546095718E-4
59	59	0.0037718896308548857	0.056119839374468364	0.42025235495473046	1.0479417839423499E-4	5.489067928472972E-5	0.23597068147089978	0.12393158231289164	0.09340199729098239	6.547054251767843E-4	6.82755699922113E-4	1.728335422721777E-4	0.05495229375599883	3.3603301514013504E-4	0.009421879486775794	1.7146918220764821E-4
60	60	0.019442836747894883	0.09125445937223142	0.17859374374013648	2.1421855358172851E-4	1.1220663305606127E-4	0.0013389698415938803	0.0010922937923278364	0.40798026767419693	0.2301201647938691	0.0013956780875438574	3.5330351364240705E-4	0.03607197548145747	6.869132194368811E-4	0.0016614506250301592	0.02968151792400096
61	61	0.2292898962791197	0.1498862683156278	0.17366856756949747	0.003023010357732747	1.90425661115434E-5	0.0022183398930567593	0.13159820917071186	0.04634056159040071	0.017151509533681265	0.04404113899353788	5.9959071337741066E-5	1.4845728362173166E-4	1.1657591033396872E-4	0.20237897771499164	5.948575023719531E-5
62	62	0.0041142862714947685	0.24589615218357816	0.01704249606754504	1.1430696327194901E-4	5.987342958468296E-5	0.0038446770772484636	5.82847677356577E-4	0.2458699905578666	0.11027124628739801	0.06334879596761175	1.8852266100454965E-4	4.6677777906575595E-4	3.6653671137421495E-4	0.019667768365339598	0.2881657220002598
63	63	0.003282117117473185	0.3060318097807517	0.0011100350021271475	9.118685867839217E-5	0.0474922430393062	5.699620862833814E-4	4.6495897769323265E-4	0.033829450268953926	5.696932023931625E-4	0.03555319158827436	0.3022968154822789	3.723657610658272E-4	0.2674797334372204	7.072331542372699E-4	1.492042432628916E-4
64	64	0.014852206131331636	0.08719763261583721	0.3390285867421168	0.07780993619234716	2.754287824559164E-5	0.3343972983741439	0.03194704219286139	0.003668440981491759	0.010408172954525232	0.00898229695673884	8.672388962184341E-5	0.07509217728817183	0.016008074398649912	4.0782911874206573E-4	8.603928517478317E-5
65	65	0.057494191339549555	0.10167598543795868	0.08129601952956775	0.006678283684525992	0.18637741394493476	0.04174251155036956	0.03405236236565739	0.10014751549046615	0.22460218074600144	0.04351039648551516	0.011014270479347688	0.02727108075487731	0.021414584634940892	0.05179588049805044	0.010927323058237248
66	66	0.0012210568077938744	0.3322973905550509	0.009494511083610572	0.023445691970285627	0.003958267866965055	8.865239551239945E-4	0.016259107307278968	0.3167290229438678	8.861057307972145E-4	0.043647811907586834	2.3392015155519123E-4	5.791809230775822E-4	4.5480115026133946E-4	0.0011000365606380223	0.24880657108610693
67	67	0.0016249871793788597	0.15276924305690062	0.007466521353575971	1.887516828181685E-4	9.886721041934414E-5	0.001179789549588192	0.26974061936257815	0.0700250645720696	0.006348044135751212	0.04774905661521036	3.113018533202534E-4	0.09380937713272668	0.005774062311724163	0.3374366584084756	0.005477655575462909
68	68	0.11368471421263535	0.002401942317751787	0.0019204962581060464	1.577644133245428E-4	8.263622986539314E-5	0.005306354102604965	8.04435873753091E-4	0.015326584555152926	9.85638886492696E-4	0.0010278677126221488	2.601955835446744E-4	6.442382892461421E-4	5.05887371833024E-4	0.8566331026116479	2.581415814193448E-4
69	69	0.0010126102272319962	0.201489221904348	0.18502556707115678	1.1762054916764707E-4	6.160906970773364E-5	0.06193310204341365	5.997435495567186E-4	0.204683244870221	0.10058407094446563	7.663221526492547E-4	1.939876476741539E-4	4.8030896055167963E-4	0.042249420763832084	0.06533110889430456	0.13547206135171908
70	70	0.016640090164661205	0.09369950818254602	0.19881654468148588	9.623319618345884E-5	5.04064785772614E-5	6.015041428270995E-4	0.0795487219574893	0.0014431126260495265	0.3036570091777992	0.1771899169560455	1.5871419992425452E-4	0.11107421731888292	3.0858136936239185E-4	0.01655797824923076	1.5746129893522433E-4
71	71	0.0028719161116116726	0.050754271991230684	0.02233101619748702	3.335897081886642E-4	1.7473266135056487E-4	0.0020850974449340243	0.019971128754611375	0.39781106022017354	0.39489266407158746	0.0021734057959243904	5.501783764637131E-4	0.0013622290248148877	0.08328543185020536	0.0208574425615166	5.458352298999943E-4
72	72	0.017112886200238406	0.12380146328949959	5.314411869298456E-4	4.3656688586922586E-5	2.2867160452778715E-5	2.728754742499155E-4	0.058802244914666284	0.38202009221105665	0.21904977261473607	2.8443233611997863E-4	7.200152000777815E-5	1.7827410996377877E-4	0.009704012527667833	0.1868370437572336	0.001266936008590574
73	73	0.024420447938567666	0.28653485340137286	0.09529390555595917	0.05003851505677295	5.618044902490293E-5	0.07116159385147952	0.02110682773510248	0.0074826842613861175	0.1592752632115227	0.024195861287849254	0.00605116033146122	0.0298093155666362	0.1795090329158962	0.04488886023261254	1.7549820435613518E-4
74	74	6.306986701510675E-4	0.04926287900922792	0.026971703868551387	7.325930742893571E-5	3.837286775201577E-5	0.014500931623564979	3.735469472504565E-4	0.2518669074651027	0.014500715602881058	0.060661694191297015	1.2082413165850037E-4	0.4155714810944762	0.056407015002118435	0.10890009988102216	1.1987033751704425E-4
75	75	0.15941219658254457	0.2661339039739835	5.437932074304174E-4	4.467137906570916E-5	2.3398650374239912E-5	2.7921778179952427E-4	0.06873198137355643	0.016572653323642748	0.013735268867582666	2.9104325400362266E-4	7.367501516223974E-5	1.8241764553300158E-4	0.02827889820925709	0.44562378731662183	7.309341944233794E-5
76	76	0.013087670143150256	0.16074840037652957	0.056883624870539114	7.568879230864542E-5	3.964542007698903E-5	0.06265337030346643	0.12267381615578724	0.11720488230287868	0.2947928540696784	0.0668187586600895	0.06230510964754019	0.04176259778754358	2.4270368336786136E-4	5.870322116660151E-4	1.2384557537751484E-4
77	77	0.16743793423484396	0.03770693763442735	0.2559631403164359	1.1915572434185075E-4	0.022903290685574198	0.14757899355072257	0.0038705538601831943	0.19103984375527544	0.05621513220026479	0.026880184134143982	1.9651956087230659E-4	4.8657791948278903E-4	3.8208474874594386E-4	0.0890246834529645	1.9496822172118967E-4
78	78	0.2013819709266638	0.0018260468544852692	0.15911202482746983	1.1993843839290961E-4	6.282316877345442E-5	0.2306588274807153	6.115623951689495E-4	0.22513891744859477	0.08614414839581798	7.814236793235944E-4	1.9781046504373668E-4	4.897741685645497E-4	0.0036690110864796444	0.0436276409133777	0.046178079751128455
79	79	0.17537439381109513	7.369072338412274E-4	0.012518135323046799	4.840155259448107E-5	2.5352497066695794E-5	3.0253317523967223E-4	0.03073185158494464	0.21279576731429983	0.012231324455583302	0.058634579006175455	0.414941642935464	1.9764998191436104E-4	0.039918317761926184	0.04146394646132997	7.919690547822183E-5
80	80	0.008402610787550127	0.47204907219220027	0.01967614473509274	5.773797533444701E-5	3.0242869739480837E-5	3.6089034490666025E-4	0.0018755116008422796	0.007190268235121837	0.0019418275390162738	0.4351807227056751	9.522531645923067E-5	0.014465742718159463	1.8514259319569535E-4	0.017839989976666793	0.020648870410039634
81	81	0.5300495445496319	0.05731171970055607	0.05719246533600744	3.907830271421976E-5	2.046902427354518E-5	0.10404662623125899	1.992590592913566E-4	0.035900225703916225	0.00345452562365692	0.18324640639289164	6.445054093247814E-5	1.5957805918792286E-4	1.253084864907018E-4	0.004583596137123772	0.023606746852066814
82	82	0.0011129864743542788	0.1825196389312992	0.03697597755415625	1.2927983226829605E-4	6.771614530271536E-5	0.08223318955740384	0.01127986273249422	0.24621406358983744	0.3548299757112918	0.050405406127054735	2.132169143139328E-4	0.00760836608866875	4.1454871348384296E-4	0.018703791957449853	0.007291979670620793
83	83	9.659415857234505E-4	0.33046549801579306	0.00751082425750649	1.1219971586424654E-4	5.87696636751433E-5	0.0037738005044432696	0.0036446007587844246	0.36423729525937476	0.016063461143321814	7.31004304912515E-4	0.0032575451190715366	0.006603168478500178	3.597796117823597E-4	0.09611764007962875	0.16609847150161794
84	84	6.345174751669994E-4	0.1726770613076721	8.97199244848663E-4	7.370288377357318E-5	3.860521087684271E-5	4.6067876456678094E-4	3.7580872933968217E-4	0.5258615494470223	4.6046143590345575E-4	4.8018949876964153E-4	1.2155570732507438E-4	0.012410729938845988	0.004272922602054171	0.2811144216157605	1.2059613807416593E-4
85	85	0.18294763065448952	0.010250393982744282	0.4104783661879787	8.215983983945975E-5	4.303492319722831E-5	5.135388410381047E-4	0.03866689598012969	0.07772799961616972	5.132965752371332E-4	0.1332782273763442	1.3550348282276143E-4	0.0025853838346267914	0.06101022246849301	0.06363386984315939	0.018133476393729964
86	86	0.03332939207383845	0.18598354942417067	0.14361588694583682	1.180006224438513E-4	6.180815023518756E-5	0.04274512378453433	6.016815314601825E-4	0.173031138525487	0.06859558363259534	0.2625082273637335	1.9461448984855643E-4	0.06834023147725898	3.7838079897004485E-4	0.020303302990125782	1.9307818946127394E-4
87	87	0.23533098023896065	0.053825734315824166	0.43723754183687386	4.8465790952443005E-5	2.5386144805136005E-5	0.08126190451488965	2.4712557205001814E-4	0.055141838095790895	3.0279178441265344E-4	0.03482286652050975	7.993301209749645E-5	0.014797070794132325	1.5541040651736093E-4	0.08664364895687124	7.930201531232593E-5
88	88	0.0026528109416900296	0.2574453869016394	0.01906184044355594	7.370288377357318E-5	0.07269717000570594	4.6067876456678094E-4	0.04275997152632332	0.011196715483649611	0.014588515701564669	0.002498482965292672	0.34524973848276325	3.009691397078039E-4	0.1859193345891269	0.044974086032565905	1.2059613807416593E-4
89	89	0.08716202859760876	0.001145230771043086	0.02357422440760415	7.522106562656311E-5	3.94004271232535E-5	0.04372738858851352	0.10337693191829002	0.06704377929703359	4.6994633201875494E-4	0.01078941896952246	0.6407428957991115	0.016786109829871727	2.4120387097704003E-4	0.0026432722262266224	0.002182947899428973
90	90	6.422955202799477E-4	0.5568411527099122	0.00295123141790543	7.460634881178092E-5	3.9078441455269144E-5	0.010681496464341954	0.002423449590715041	0.2115513109755648	0.1332633237336126	0.06177709939094954	1.230457620711031E-4	0.008476794965171492	2.3923272002291448E-4	0.008750773407928842	0.0021651085512570884
91	91	0.010837381067368113	0.15539375484732712	0.1715532386434762	4.248840339478569E-5	2.2255218369951976E-5	0.03400737283429156	0.14216490790229735	0.27173506393486013	0.06076798524844478	0.08172254415257622	7.007470621682943E-5	0.06416657177695136	0.007117305324186329	3.2953440865180644E-4	6.952153158742031E-5
92	92	3.6922482945948615E-4	0.16742374189232845	5.220789830622717E-4	4.288760476582253E-5	2.2464318100140928E-5	2.680683274136921E-4	0.08712740088314433	0.20147274817506608	0.033152321765354396	0.06839706567732673	7.073309571988605E-5	0.007221786356525664	1.3752339454756003E-4	0.4337017799734677	7.017472371771545E-5
93	93	8.417939064310623E-4	0.35225492637503125	0.003867890317805561	9.777924308650702E-5	5.121629040092122E-5	0.01399919250772441	4.985733422999633E-4	0.030919951747691785	0.062195793544068664	6.370519486324361E-4	1.6126404350208677E-4	3.992860681467407E-4	3.135389234015572E-4	0.5336017507279074	1.5999101386960778E-4
94	94	0.009451664409773687	0.10637320444451588	0.22004722074765162	7.99999559193882E-5	4.190358653935712E-5	5.000385191380411E-4	0.07708359542122122	0.20931937676156975	0.27872297749803976	5.212162234050675E-4	1.3194125833164202E-4	0.09452823092438838	2.5652786071319396E-4	0.002811202683977913	1.3089970481509154E-4
95	95	0.04471115321060606	0.004633382230184439	0.3979898830070085	4.758168764432953E-5	2.4923055806454613E-5	0.022448166834836303	0.030211290433139183	0.2574017329147738	2.972683169728774E-4	0.0016129902922721233	7.847489000696428E-5	0.036677903788192835	0.006667504327037037	0.19711988960777954	7.785540373950565E-5
96	96	0.023311021731955116	0.13233942717699043	0.02134511821302609	8.253121053269954E-5	4.322944535419094E-5	0.007296010109530719	0.21060547476364178	0.33798508877519684	0.01407591677023395	5.377078696174255E-4	1.361159721174171E-4	3.370200209449144E-4	2.6464458182148386E-4	0.25150565189591845	1.350414631184107E-4
97	97	0.09119901359796283	0.011453586230308045	0.15281613729589574	0.003338563526693748	6.160906970773364E-5	0.06515404502093974	5.997435495567186E-4	0.004984780263602717	7.348386411564976E-4	0.6127454878826084	1.939876476741539E-4	4.8030896055167963E-4	0.0035981050335188725	9.12249343782545E-4	0.051727543936040433
98	98	0.030105875857429493	0.32716385748518045	0.10399127742033402	7.680310799507565E-5	4.022909319607854E-5	4.8005666935310444E-4	0.0045979978424769054	0.1210336023186362	4.7983019901781795E-4	0.376971502414149	1.2666880370362047E-4	3.1362904891452423E-4	2.462768480766912E-4	0.013214818192585109	0.02115757469895182
99	99	0.020382617608093775	0.2172606318265747	0.21595223729521798	4.298857996546516E-5	2.251720841699082E-5	0.0555974408305322	0.02611775722743123	0.0877579940327556	0.20863425825443613	0.02382422472977994	7.089963074791236E-5	0.001352753120422899	1.3784718162533684E-4	0.14277549252989324	7.033994410658896E-5
100	100	0.007601398203257162	0.08393645902542027	0.29048868430096586	1.1993843839290961E-4	6.282316877345442E-5	0.0040340898889346735	0.03674014375038035	0.3203869955668794	0.15183247813256598	0.013919089626673195	0.003482226951881137	0.08260018633949955	3.845945996422444E-4	0.004214643071328902	1.9624893540485058E-4
101	101	0.004720049537970993	0.019951920085792052	0.08778217274405806	1.311368469706924E-4	6.868884054226192E-5	0.011592896251667996	0.3166833321222086	0.009148679210994114	0.5251163473211947	0.018809762564827415	2.1627962670869245E-4	5.355033886871449E-4	4.205034168764136E-4	0.0046081557412841955	2.1457230021654667E-4
102	102	0.13455859306177578	0.043107627169530996	0.03957327996961895	1.161244285174372E-4	6.082540901168825E-5	0.029345590375191324	5.92114876542762E-4	0.03990107664591625	0.0070854374363948725	0.6939906737055769	1.9152014579948342E-4	0.010014118277363622	3.723645954772444E-4	9.006456309021694E-4	1.9000827238043272E-4
103	103	0.12992311113848334	0.14986784954913115	0.04794223671582695	4.2242654568984904E-5	2.212649633416404E-5	0.5682433623851625	2.1539399172325894E-4	0.0017902513826689645	0.031496991502945826	0.02341083367821061	6.966940087713211E-5	0.03256235952832448	0.0012922360005072242	0.0014844091167043028	0.011636926458531089
104	104	0.045996407424165296	6.343334105525292E-4	0.21044067277114817	4.1664297110034817E-5	2.1823555519343865E-5	0.058448507673333976	0.017326587791948848	0.1968669687168238	2.6029920528121474E-4	0.005976165770138784	6.871553521530276E-5	0.012720509493591	0.0012745435913240684	0.4498546276738708	6.817308997679178E-5
105	105	0.05375979858779156	0.0018320641160730427	0.011350562895696345	1.2033366426373899E-4	6.303018615603373E-5	0.004047383180982842	6.135776396846846E-4	0.15338553672383012	0.23141854871341794	7.839986574397479E-4	0.5373224886600435	0.0037866275172491154	3.858619309298333E-4	9.332919038073979E-4	1.9689562263401584E-4
106	106	7.909645329864409E-4	0.11209949831511953	0.6879660116411992	9.187511664414782E-5	4.812373778044225E-5	5.742640323285542E-4	4.684683838158366E-4	0.04918033898717369	0.008121768924938171	5.985853463521383E-4	1.5152656473473657E-4	3.751762943481734E-4	2.94606751399303E-4	0.1390884609677392	1.503304034403401E-4
107	107	6.682348246861815E-4	0.21373601328485511	0.005195960506457074	7.76193494187647E-5	4.0656636470840175E-5	0.1343943480191337	0.11730062659500001	0.10531557124482735	0.1684028021756026	0.20668334697233817	1.2801500345218614E-4	0.004568047587783613	0.010876607655867558	0.03248514570004072	1.2700444406611676E-4
108	108	7.870044442507669E-4	0.02141841438349361	0.21139244069845117	9.141512937627691E-5	4.788279869410509E-5	0.14326113572309168	0.060546016326830536	0.18912052780260213	0.32850720416143936	5.955884343686408E-4	1.5076792307997644E-4	3.732979150338312E-4	2.931317562142915E-4	0.04326559475251777	1.4957775055583506E-4
109	109	0.0010428405981434186	0.11130854174905878	0.2635255185933403	1.2113198202949248E-4	6.344834110622978E-5	0.14007536334760393	0.0702767630968247	0.05157300533318879	0.17324601324008412	0.004106300570037417	1.9977893674443548E-4	0.1829351869770115	3.8842181669807593E-4	9.394835502764223E-4	1.9820186785233913E-4
110	110	9.871731985794641E-4	0.011165869206245396	0.34051931261553964	1.146658908017302E-4	6.006143407334417E-5	0.06665739076108872	0.2203869222986523	0.020559721623371698	0.2990194253600767	0.038427456708331365	1.8911462820484312E-4	4.6824347625865775E-4	3.676876484004631E-4	8.893334062658151E-4	1.8762174410984087E-4
111	111	0.00311858288599792	0.179268550988164	0.34271760670302887	8.664339715009211E-5	4.538338863837886E-5	0.0029142221382032012	0.043149652023059606	0.0392618462739623	0.04799448555687923	5.644996141130593E-4	0.004888215843809208	0.035943695671679654	0.27787892081998583	0.02202592467832324	1.4177001700541107E-4
112	112	0.08370445321281457	0.279352441276641	0.03950878162708806	7.056942784035129E-5	3.696392194916714E-5	4.4109314546704774E-4	0.011954749295732897	0.12280489745384654	0.07580785180605297	0.12027392665524768	1.1638780299306899E-4	0.06019524966155374	2.262879291318723E-4	0.17640358285041366	0.029102763933227336
113	113	0.5500237970781598	0.08424926846096631	0.11131418909034592	1.2528790811614405E-4	6.562519491098256E-5	7.831101820034444E-4	6.388391761631101E-4	0.2489041468836119	7.82740743899973E-4	8.162765786073584E-4	2.0663316698874506E-4	5.11618975959618E-4	4.0174820939465624E-4	9.717163605479753E-4	2.0500199032395897E-4
114	114	0.03418522627634432	0.053422671352122725	0.00897181622945852	1.3402460199031117E-4	7.02014325303249E-5	8.377187554306975E-4	0.004353541917170958	0.1561563259589336	8.37323555323023E-4	0.7349041196669244	2.2104230472098964E-4	5.472956700666855E-4	4.297632921967581E-4	0.0047096316054709595	2.1929738131568242E-4
115	115	0.027036764042347124	0.17905968732326835	0.03171360200525587	0.03740441529502784	4.1995587686892735E-5	0.007087766910003826	0.0026043564175437474	0.00339785647881228	5.00899960619451E-4	0.04223768729505316	1.3223094110527292E-4	0.25281490459739925	2.570910787933052E-4	0.4155795549662709	1.311871008126573E-4
116	116	6.842328521928008E-4	0.2493230250039309	0.0510253798423333	7.947761307275856E-5	4.1629985905139074E-5	4.967736230451704E-4	0.11793245914584527	0.2231876781075699	0.28996169293780644	5.17813051956857E-4	1.3107977570114788E-4	0.05473529368560294	2.548529161277274E-4	0.011498566436120935	1.3004502278870402E-4
117	117	0.21139850431921947	0.03457404606278601	0.11090130481969485	1.4756418646595486E-4	7.729340081032955E-5	0.017086048148838646	7.524252318563772E-4	0.5356149859646607	9.219125997401216E-4	0.009043261341810173	2.4337268968775244E-4	6.025851904083135E-4	0.008555029536445316	0.06984021501891344	2.4145148866252443E-4
118	118	0.012103140037487435	0.15865648364479568	0.09101665732374299	1.0244234533802724E-4	5.3658800605993624E-5	0.0539410185744296	0.014548851472101052	0.09691643258643998	0.5336470546466077	6.674330221837528E-4	1.6895474247465434E-4	0.03688723096211225	3.284916272014783E-4	7.945292125524743E-4	1.6762100192687184E-4
119	119	0.005927201848627007	0.2703318834181919	0.06772521127518528	9.352218036140684E-5	4.8986461718459725E-5	0.015950731584813607	0.08242978727372895	0.003963487011186859	0.026194570885087046	0.02621960398228879	0.010398358082331551	0.05416350627470392	2.998882259575206E-4	0.4361002360889623	1.5302540685531825E-4
120	120	6.170811628566863E-4	0.0992328556405146	0.010686701966846698	7.167755500022693E-5	3.754435354824515E-5	0.03185332326954763	3.654816404411707E-4	0.5153367259222335	0.03381594339999564	0.037760792316775676	1.1821540014840727E-4	2.9269861585134055E-4	0.08266876370361577	0.1870249128531086	1.1728219951585376E-4
121	121	0.24333891613558692	0.2949018063051986	0.1337948845327817	5.342960043856422E-5	2.798616399234849E-5	0.0793427707445958	0.007588066423405311	0.2275857768152022	0.0017969294719681855	0.006200609305795977	8.811965747986785E-5	2.1818224817808605E-4	1.7132735814350466E-4	0.004803771202489136	8.742403474376598E-5
122	122	0.0018552468141314542	0.07841704392987685	0.002038953654552524	5.1544208508922706E-5	2.6998604899641642E-5	0.04266706184899379	2.6282232814753764E-4	0.4002263771030947	3.220243095974455E-4	0.011627790636340595	8.501014347093655E-5	0.1879394757692806	1.6528166033331822E-4	0.27423002992131584	8.433906745579004E-5
123	123	0.16634258375600022	0.10271573583643273	0.05832377991609811	0.0025035000915483	2.3513706641542698E-5	0.0015098952833163125	0.17233153176678617	0.0019024903532376008	0.007656285546443293	0.18100023981445265	0.013596387085908018	0.07885880434707718	0.0763608282641688	0.13188375328902394	0.004990670942865088
124	124	0.047523753192099484	0.037058612004307295	0.15276076017484935	3.9162119636897274E-5	2.0512927168647006E-5	0.1804118062878495	0.024865409969724882	0.3158795670757705	2.4466676088859366E-4	2.5514929181022386E-4	6.458877738674193E-5	0.029115334908794147	1.2557725383711998E-4	0.2115710203468136	6.407890906300833E-5
125	125	0.0015682454280788883	0.06762160146658389	0.07205403069682838	1.821607994070062E-4	9.541493784973489E-5	0.11587007257618556	9.288322933327857E-4	0.3519144455378778	0.0011380561921831701	0.12090661963151644	0.005288756913720079	0.2501601212880302	5.84116824073894E-4	0.01138946531420806	2.980601001241222E-4
