0	0	0.0014339941403779658	0.20335237932023228	0.003918809341895048	0.30279836272348976	0.207775206229325	0.14088124243550895	0.1178286954789039	0.021805441508056748	1.2058400673592952E-4	8.52848154744091E-5
1	1	7.997758824215224E-4	0.010292403495899232	0.0013554414065055898	0.0015955997582370708	5.934157537804418E-4	0.00787272585123325	0.07245243021786361	3.742205248302235E-4	0.4259715659074269	0.47869242120180205
2	2	6.453812909946579E-4	7.841583841797831E-4	0.16154869315221226	0.05644395090144136	0.005493074559763281	0.5704522315537133	0.18131397779328715	3.019782550836379E-4	0.022829064171024836	1.8748993829970924E-4
3	3	7.664385855615843E-4	0.009863382168441629	0.013208456001963324	0.35881450582432917	5.686802277662729E-4	0.4601060915104172	0.1557763494559685	3.5862177897960553E-4	3.14816112464571E-4	2.2265833410818118E-4
4	4	0.0013009849956334178	0.01674251851234555	0.002204878855542461	0.10367408259893923	9.653016661409567E-4	0.0026986063215915937	0.0016171006855700842	0.010716593774923896	0.005588309135333006	0.8544916234539798
5	5	0.14995522804314163	6.232223491455522E-4	0.13437108561814748	0.3816030460570168	3.8058035611870147E-4	0.15050625498177594	0.0106003790558841	0.09787563867258828	0.07393555425538444	1.4901061079710377E-4
6	6	0.2518856789689168	0.2904240766541043	0.03986625475786716	0.3713008639388107	6.658173494579076E-4	0.04369275248872416	0.0011153960777641671	4.198785023280562E-4	3.68590324286697E-4	2.606909377400632E-4
7	7	0.06797348327810852	8.76446969271137E-4	0.006826850592967654	0.4806106516904242	5.352158826487528E-4	0.4358330323827844	8.966088023232655E-4	0.00594186397622614	2.962905606312473E-4	2.095558646146389E-4
8	8	0.189833404927232	0.21288970419280429	0.17678770860110274	0.04688308723697026	0.025228264939260687	0.17314947549157916	6.119525425680328E-4	0.17427115227250048	2.0222393695821386E-4	1.4302585902422962E-4
9	9	5.65926336078183E-4	6.876181374577933E-4	9.5911868038561E-4	0.060487205432500496	4.199046391486951E-4	0.5925569315912164	0.3414631816902194	0.0024632507175347683	2.3245532312926102E-4	1.6440745232938167E-4
10	10	0.004845644306193016	0.0242833253855679	0.20485780008018126	0.2844457159794364	0.006849610760607068	0.05695621918756249	0.40423640216832646	0.013137790057998314	2.2696660123170992E-4	1.6052547289534188E-4
11	11	5.466961885576546E-4	0.017654226951924763	0.4044384114005888	0.0732980806197229	4.0563630130928396E-4	0.37703717632222133	0.00705077368451325	0.11918562113221084	2.2455650331697677E-4	1.5882089563425117E-4
12	12	0.008753278498952145	0.07317844026835732	0.04257619360223738	0.0370888693082126	2.671834071609086E-4	0.6134492375069925	0.21167601069852743	0.012758264735195823	1.4791026213066533E-4	1.0461171223319971E-4
13	13	0.20080700703016122	0.2350758133149549	0.0842542052136196	0.14331696121276738	0.0037635670773098016	0.244772143669437	0.06760499133777059	0.015474673895288744	1.2470840430191967E-4	0.004805928844388922
14	14	0.03393282495459667	0.5250114127779786	0.02019437453055336	0.20914910342178356	0.049227412626469715	0.05530262440687218	0.10676123380000858	1.6849150737355753E-4	1.4791026213066533E-4	1.0461171223319971E-4
15	15	0.0024517530365728265	0.0045095100146137655	0.01449944306795415	0.002951198560578189	3.724176304665216E-4	0.0029909614941565064	6.238845603088989E-4	2.3485443425011284E-4	2.0616695448909527E-4	0.97115981024661
16	16	0.004235651405743739	0.007790634761205036	0.03178630259373177	0.28131745539963504	6.433891327873221E-4	0.40265301095916406	0.051605682472889006	0.21599126558405765	3.561742710515056E-4	0.003620433419734789
17	17	0.06266215623815635	0.013073554415889392	0.31983260667833113	0.26200558010740244	3.9555558268564666E-4	0.23926716315138885	0.04415297834737532	2.49445716277555E-4	2.1897591075723856E-4	0.05814198385173602
18	18	5.443839213842075E-4	0.053530551124940505	0.11723464602536855	0.2738906735228596	0.2795528092688569	0.2020318135635618	0.072578645774504	2.5472090525250756E-4	2.2360673516041838E-4	1.5814915811143904E-4
19	19	0.00778780927709274	0.08387592744463483	0.14984951761559576	0.3019105002638571	0.3628953523035746	0.05359016161460906	0.00455372288385392	4.1553292267097476E-4	0.0348634827864725	2.579928876385517E-4
20	20	0.004278892056455393	0.14738957131218028	0.035513712886202774	0.35224759714004894	0.007455781909036547	0.3829432035509253	0.06234124818552966	0.003812789127249213	3.5981036046767693E-4	0.0036573934719041586
21	21	0.03008745635054244	0.5493384421068743	0.06422970763937559	0.05806192684577675	0.15234477750823833	0.0939800881342637	0.040770960187439	2.541833673396438E-4	0.010774642444447046	1.578154157031035E-4
22	22	0.3735907845707039	0.25269634395363344	0.13201901161672308	0.1481956597930119	6.085410844162485E-4	0.062236643521221706	0.026508034899683335	0.0035698325835997577	3.368827138995174E-4	2.382652631070497E-4
23	23	0.0065648277045531785	0.25391516105557693	0.0012687224036138799	0.2603153156547568	5.554499500053156E-4	0.17894753780203387	0.23648742445125387	0.058512480699916505	3.074919531072267E-4	0.0031255883251823683
24	24	0.05290260830529389	0.26978870034035796	0.08965809970667375	0.31105418640479293	0.03925254796304499	0.10973478839534355	0.06575697986223487	0.02475348692055291	0.021729847374144674	0.01536875472756048
25	25	0.047679559551457425	7.361712043495592E-4	0.31171308347139126	0.012977197658977993	0.22404950044524174	0.3707851102578602	0.031350993490752266	2.834984618124441E-4	2.488691118855747E-4	1.760163462715419E-4
26	26	0.04251565600713531	0.13741280340532186	0.21856705509601007	0.1909168931222817	5.322330646566975E-4	0.11573670917612071	8.916119011585067E-4	0.06721297994449958	0.22600567029647878	2.08387986336775E-4
27	27	0.6624301709686843	0.19029307234995152	0.0018734831956071945	0.03655995985711864	8.202157890265466E-4	0.07100206527405598	0.03572857990622542	5.172454237827929E-4	4.5406387188394595E-4	3.211433636636619E-4
28	28	0.004139740291113779	0.04106515819484983	0.071722853869927	0.017173915681553353	0.14639215564924174	0.09345170385944827	0.6256719826511535	1.5307415607714527E-4	1.3437614099210185E-4	9.503950564332893E-5
29	29	0.008366487762957214	6.146492532656107E-4	0.555030807580019	0.12874426209824835	3.753450626676544E-4	0.27224059019776964	0.020280330130336286	0.013992779551805678	2.0778755387002365E-4	1.4696080906062296E-4
30	30	0.603535198865668	0.09417826133377374	0.13495143722237982	0.10722964296148646	5.934157537804418E-4	0.0047658422276082675	0.035169826734363835	3.742205248302235E-4	0.018969811212554238	2.3234316355484177E-4
31	31	0.06503009275641844	0.06039642726080701	0.1100540436120812	0.1692954212313258	0.005842076169225545	0.21844729691327075	0.10948356440396578	0.08888414294932576	0.1722001085848137	3.668261187660909E-4
32	32	6.342503517948571E-4	7.706339461164064E-4	0.14644311188681747	0.0012653666236115265	0.007862202877844766	0.0013156124125720307	0.008179965003280497	2.967700136240543E-4	2.605195430434126E-4	0.832971567341295
33	33	0.0033009695301782207	0.04286333417138823	0.2360642084051867	0.19962036764486288	0.02075114376381039	0.36927407789743216	0.0721193536198463	1.7612931541061624E-4	1.546151115707051E-4	0.05567580054031393
34	34	0.2259361137590982	0.13674985389093355	0.05686553244830749	0.2508176361757276	0.1150835170036732	0.08466185899475957	0.12855097787308495	1.2355425971742463E-4	1.0846210130726496E-4	0.0011024934933907618
35	35	0.1083486815788919	0.0038176915357732632	0.19320398970950972	0.3068450774258831	0.049993321831826976	0.11496911536673525	0.038735936923967235	3.5027848600867627E-4	0.1835184289269169	2.1747821448697642E-4
36	36	0.023388287507851355	0.25250220321654426	0.02769645469058059	0.09420894228059123	0.0016141147879940546	0.15657852857047005	0.4408930593687591	1.632394629439138E-4	1.432997551655385E-4	0.0028118703590999925
37	37	0.04062129736627378	0.427342370548934	0.19390908320669537	0.1752175300448143	2.5642240729946674E-4	0.1336266805736573	0.02190994162616597	0.0015042288650417425	1.419530721718766E-4	0.0054704922889462606
38	38	0.009270323684319275	0.025946682795657438	0.12062891778508819	0.2855068274650919	0.23400047480774752	0.035170724715042775	0.1038747064909863	1.538562780185303E-4	0.15341801291802012	0.032029473060028055
39	39	0.0871853586190589	7.521031196475296E-4	0.2703666281974853	0.0036395604503777147	0.005268525588967307	0.448543501441656	0.13302356501727491	2.896338192592101E-4	0.024300466030989377	0.02663065771528377
40	40	0.011738826755884474	0.002931176421778914	0.2510489452895872	0.31820586992885047	0.11653264142096223	0.1105999775317896	0.15701120305542116	2.6893949645334197E-4	0.03149544301152691	1.669770877456933E-4
41	41	3.791921181813588E-4	0.36724890954585626	0.04188790301823104	0.05525917168087334	0.35675821706649946	7.865503834836362E-4	0.08590793292010437	1.7742654735682933E-4	0.05907754975860565	0.03251714696080811
42	42	0.006057871848996608	3.603944505083167E-4	0.03276574099023117	5.917609927595317E-4	0.0013723321414263908	0.03979181679981476	0.15361816138020298	1.3878737956766698E-4	1.2183449487913699E-4	0.7651812995216135
43	43	8.175562472329652E-4	0.32176479910616085	0.004561530030789915	0.004807027507143874	6.066083853900964E-4	0.6368868158570011	0.02642384657690975	3.825400773419408E-4	3.3581278960064176E-4	0.003413463422428731
44	44	0.5565287756893827	0.0013786735657937718	0.0063309214738341115	0.17857934179442495	0.009657687583613985	0.01116942598592445	0.0014103886463879038	5.309251882370857E-4	0.2340842233217126	3.2963675068843146E-4
45	45	0.11597235222196942	0.14368931801603982	0.33704625761239126	0.31467608146427617	0.04560680357923276	0.036438213982025826	0.005816413333108176	3.019782550836379E-4	2.650915975732524E-4	1.8748993829970924E-4
46	46	5.009489721283021E-4	0.047313457553572184	0.11761096891444499	0.471939377689266	0.02956218598011908	0.16255983652486902	0.035651262164370395	2.3439739980082375E-4	0.1344820339451956	1.4553085623366104E-4
47	47	9.100445844536166E-4	0.21675559567714592	0.06517670806156786	0.10080241470729907	6.752326557063221E-4	0.01602866132872641	0.598587347079133	4.2581599357811596E-4	3.738025507121382E-4	2.6437736167751015E-4
48	48	0.0379314915553694	0.36125649184458536	0.0778731281767948	0.052845872416779086	0.19269543324418484	0.2087468076009883	0.06833591071727349	1.260101804178219E-4	1.1061803118308075E-4	7.823623242385165E-5
49	49	7.173169337482979E-4	0.006444674308709214	0.017935027543752428	0.647912066991313	0.09248857902610812	0.23277205858160432	8.916119011585067E-4	3.35637427080373E-4	2.946393001889128E-4	2.08387986336775E-4
50	50	0.4823991277255778	0.22889875087842357	0.0639454225303599	0.15251856617910317	5.443683679224298E-4	0.06422385322650292	9.119413048246876E-4	3.432902059763584E-4	3.0135729179678463E-4	0.0059133222895122435
51	51	8.880678312744769E-4	0.0804260567217257	0.0015050765305031069	0.03627045459985392	6.589263981158082E-4	0.38822762173679476	0.2322451905958566	4.1553292267097476E-4	0.259105079775566	2.579928876385517E-4
52	52	0.013523791241950536	0.009601914334874428	0.2218506763516395	0.2678401552232251	0.004944660687994266	0.3218967535411976	0.0013284117528342876	0.15826417697398276	4.389828228058161E-4	3.1047706949576724E-4
53	53	0.04922226767072235	0.009986372447651213	0.802184759138846	0.03129112100848692	0.002757801024857402	0.033653875218177025	0.021580699933903	2.789033106891748E-4	0.0025603686702907556	0.046483831576376144
54	54	0.1502396748891148	0.3248375971786225	0.003798083544718203	0.056705839303918766	0.001662810800077731	0.10041238370807135	0.011491389043579662	0.009754404963755596	0.3404467675873519	6.510489807895472E-4
55	55	0.06163660287139338	0.07197197510638444	0.32904715769696063	0.007611002924269256	0.27752868049118495	0.2088540826555766	0.0016089690732253477	0.04083378518840438	5.316949237047509E-4	3.760490688963684E-4
56	56	0.10952652358014912	0.0012567974297780593	0.037917083527418245	0.0784099650631143	0.1454236813521348	0.014200265183357538	0.005303936603665081	0.07683031789592332	0.3259013181742165	0.20523011119024306
57	57	0.039086557910477646	0.32826884099642123	5.127369624651305E-4	0.17336875678747296	0.0695656012729173	0.048813756187626324	0.34003003000286347	1.4156030225476548E-4	1.2426870493464733E-4	8.789087256657988E-5
58	58	7.336722846401024E-4	0.015141891954930497	0.32045365323855163	0.04706518244351326	0.40525735459640266	0.06137376177418968	0.04366331308952331	3.432902059763584E-4	0.08580410086119403	0.02016377955107845
59	59	0.017988023534881877	0.012397805137970784	0.10761694875234781	0.5994078427952564	0.08678918326545403	0.021657660379982575	0.00666914724814968	0.1469544551837473	3.0395620070530803E-4	2.1497750150419092E-4
60	60	0.0015154339965301365	0.0018412995397166217	0.27925711317673857	0.11487629522396817	0.0011244180114967145	0.5624080113835298	0.03720563023570424	7.090817790229098E-4	6.224674076588901E-4	4.4024924563403387E-4
61	61	0.06699840916952603	0.2234489351837456	0.08510725137993781	0.18878374367383793	0.1296896287435156	0.029420225604255647	0.2762519970917071	1.1998498476775236E-4	1.0532881345405598E-4	7.449535525253899E-5
62	62	0.16074912717953393	9.80895206787668E-4	0.43728807456338054	0.045516211202570996	0.0037351130622216362	0.29333319187137913	0.03550071651870055	0.01919442681761365	3.3160020050193405E-4	0.003370643377309957
63	63	0.03565550198648427	7.821973309439557E-4	0.2761832428479794	0.028793573600000313	0.007980175461231394	0.0038361914072956777	0.04581527849841285	3.012230563301352E-4	0.4104018921539516	0.1902507236573704
64	64	0.06090141989700443	0.03071598275067102	0.046747172350375225	0.5311019766755771	0.0406288865414034	0.042564364100840434	0.0019023403121307392	0.19473567180186477	0.043388404767257256	0.0073137808028756
65	65	0.05290260830529389	0.06427831799034689	0.08965809970667375	0.5165645687548039	0.03925254796304499	0.10973478839534355	0.06575697986223487	0.02475348692055291	0.021729847374144674	0.01536875472756048
66	66	0.12947384679027404	0.0012176549118371551	0.5661952444641234	0.005892448181052071	0.01631590552812716	0.2200913189783037	0.0012456659106862712	4.689171384110352E-4	4.116388887551874E-4	0.05868735920842999
67	67	0.0013347126987905869	0.05347120583380066	0.16818040234748496	0.059697267192194516	0.2654227172135546	0.10128259477700816	0.3438656464112978	0.005809469896351456	5.482357895413993E-4	3.877478399759761E-4
68	68	0.0011150220686957481	0.08365363271352978	0.0018897132487938422	0.0022245343756217982	8.273213482926464E-4	0.0023128672608798773	0.9066732597603757	5.217263397356173E-4	4.5799744375055835E-4	3.2392544032440874E-4
69	69	0.10410121620431657	0.001009385130610996	0.4015809957677203	0.08879184889087699	6.163966247287723E-4	0.25989937379270517	0.03330462628675405	0.097204776367595	0.013250039950935533	2.4134098375655516E-4
70	70	0.1300127991561348	0.006104465610761936	0.4313828604182567	0.294335170142221	0.1245585735079586	0.004048826042080611	0.008762912782813817	3.1791942201453465E-4	2.7908555024286726E-4	1.9738736751517176E-4
71	71	0.0023645653107387432	0.012058630424660235	0.4816591231688075	0.013903056247970193	0.0017544543878800962	0.445814042868892	0.0029391116714679514	0.0011063960429774776	0.03771368920414582	6.869306724599633E-4
72	72	0.005093425198118365	0.01951601734061689	0.2720965900225509	0.04009443121818621	0.08636672145777756	0.39304623961182095	0.18342650760466447	1.4410066721870938E-4	1.2649876420339992E-4	8.946811484257312E-5
73	73	0.05666181477209111	0.006804959937658988	0.3484793811119927	0.15157026351152644	0.05352404723423119	0.03982147340639881	0.1274619335961075	0.01212374770187562	0.1621396276028588	0.041412751125258766
74	74	0.06679995220866447	0.00866252091201494	0.020962009443627822	0.5272776287120879	3.836380496057849E-4	0.2762469829937344	0.06089986692093952	2.4193026786652834E-4	0.032349544126314654	0.006175926365143851
75	75	3.151320195562019E-4	0.17911479465472382	0.19028369761175573	0.015318999951823642	0.08347881513985345	0.007998818395096212	0.48517137579144737	0.008716790039372589	0.029510027286213575	9.154911015749311E-5
76	76	0.07524379300851004	0.017251217561378148	0.40558225128521785	0.07992590152683603	0.21829930868304326	0.11939827694025319	6.64021079611267E-4	0.018927357572550724	0.00852049442849275	0.05618737791410675
77	77	0.036805081417870165	0.13506824214723342	0.060275657902819114	0.37439138000953265	0.0038938638885739874	0.2665676466111161	0.08932007811990998	0.016740827487210244	0.016692725265085497	2.444971506488225E-4
78	78	8.471519264687484E-4	0.27417609112076485	0.13307273327525518	0.11358156779414129	0.01708319272267278	0.2485766048676921	0.033962244450632804	0.1781063381767946	3.479692713570121E-4	2.4610639422056033E-4
79	79	0.048095316376839024	0.2232661888918496	5.787108752023241E-4	0.0020077432048926794	0.002906352730026655	0.20764164443232308	0.07338170704825521	0.004139262297473114	1.402583707779403E-4	0.43784281577236045
80	80	0.5020960989267109	4.950006790056532E-4	0.43116151016301024	0.005560624519508034	3.022798122584225E-4	0.002427670456399282	0.038489128502023226	1.9062404270241425E-4	0.019158709707703222	1.1835319067864E-4
81	81	0.22835978141974325	0.5089732440754801	0.04222904912783891	0.1633142013428494	2.0452648390807145E-4	0.010209133786373177	0.019617343846425373	0.02689941662779884	1.1322396914149477E-4	8.007932044138454E-5
82	82	0.08251234998203616	0.004657441383094444	0.3811608902497036	0.08342111036833083	0.01841655796580539	0.4098897675757593	0.0011351820104078209	4.27326697575644E-4	0.01811405845132106	2.653153159656664E-4
83	83	0.03465251177821273	9.627788990404838E-4	0.4446026966963469	0.02005002224270939	5.879358093668481E-4	0.47260714680416366	0.0225322767549055	3.707647559844671E-4	0.0034036686869184296	2.3019757235162924E-4
84	84	5.201825257282908E-4	0.03296402710062076	0.03927583022176979	0.0010377946253870105	3.859637585892786E-4	0.4537268515346538	0.4532944250768366	2.4339690913929678E-4	0.018400409844845072	1.5111840243009372E-4
85	85	0.13800883530422894	0.25753896673758964	0.07983552618796254	0.3323381179709963	4.303108241578148E-4	0.057526294074198465	0.057044182007171554	0.03857121603462067	0.03853806901888055	1.6848184019345984E-4
86	86	0.26955844393940215	0.07547861866378333	0.1891962302803806	0.2250606541786297	0.010331344322987978	0.19922547437373603	0.007511249642326122	0.016578224633029912	3.4233625662770964E-4	0.006717423709096452
87	87	0.022922302401238888	0.2740365378371731	5.794795523982309E-4	0.5452678233310393	2.5369764693353506E-4	0.04055697153162384	0.11598342436556343	1.5998710175595823E-4	1.404446700437254E-4	9.93315622300885E-5
88	88	5.201825257282908E-4	6.320379821128582E-4	0.2999524924897398	0.009120791905013987	0.042821699476630906	0.0010790038755430743	0.08147655021399568	2.4339690913929678E-4	0.24068283503458696	0.32347100958750913
89	89	5.309109042145164E-4	0.07695482696111453	8.99775347762241E-4	0.027870733440629222	0.0890782322877183	0.04853705034821249	0.004784764146488701	2.484167897282649E-4	2.1807266763246018E-4	0.7508772171064992
90	90	0.03734647749808064	0.014958649303905613	0.6493319501337385	0.013323835331940889	0.008572903167690679	0.2117839575551177	0.06202103074916598	2.4638419328540026E-4	0.0022618389426213633	1.5297312445331196E-4
91	91	0.11207502449155411	3.6417100040438176E-4	0.18447148047651096	0.290515154075006	0.14227016749517493	0.26026642035404635	0.006194178772214396	0.0036332199410086924	1.2311119058941772E-4	8.707220349085348E-5
92	92	0.06259202357301806	0.0050686881364905845	0.13096807138956443	0.0017788574509279315	0.07191614783917134	0.20042400971101199	0.5257232087369327	0.0013168335853817863	1.2426870493464733E-4	8.789087256657988E-5
93	93	6.903838295113779E-4	0.006202696074593843	0.22108823266254599	0.060379796439453695	0.02196768211962994	0.04702484365602767	0.6364753316514087	0.005686893449564784	2.835764761972717E-4	2.0056364106668323E-4
94	94	0.01811370403419806	6.861097594767771E-4	0.31025847689114266	0.39159225511365225	0.06842143265215495	0.12840170293118344	0.07747885175729459	0.004651474654493394	2.319454027652135E-4	1.6404680363863388E-4
95	95	0.00294369655874676	0.04865618930499222	5.689005015215845E-4	0.471416910152881	0.00416109279812059	0.21716176822019234	0.25078695057170325	1.5706635730159592E-4	0.004049907381681345	9.751815285931795E-5
96	96	5.825762785141591E-4	0.03465479658179497	0.06888123310294053	0.003425403701953578	0.26974471460228516	0.35425668770037105	0.26551032803105434	2.7259136652023184E-4	0.0025024242017978853	1.6924443276803637E-4
97	97	0.6849975979213699	0.1010526508707702	0.007862337048384087	0.1856079125103859	6.163966247287723E-4	0.0017232041406814364	0.0010326050802510797	0.013297521230687287	3.412314683343452E-4	0.0034685431044068522
98	98	0.43013702583516655	0.13122182405046917	0.2451981960092865	0.04530451156198021	4.022194522823344E-4	0.1422169024889716	0.004885524462228092	2.536480933832955E-4	2.2266496730953057E-4	1.5748307892269069E-4
99	99	0.07805404592329657	0.010970842027181595	0.30091473826461856	0.19616003245761587	0.02731997996544246	0.19264992935906688	0.18179545546431788	0.010744274768562085	0.0013026038189955975	8.809795090256792E-5
100	100	0.014010851932520748	0.007611165998211895	0.011308508219274182	0.4459649929469543	0.14872019278319276	0.37034082992367306	0.0010529944355028053	3.9638809509259923E-4	3.479692713570121E-4	2.4610639422056033E-4
101	101	0.004525278045072226	0.015521060826456422	0.19590839938449905	0.35093747451996554	0.302991442816874	0.1242828213507443	0.0011515234451883742	4.334782497447212E-4	3.8052886194159507E-4	0.003867992499513738
102	102	0.6475931232330523	0.14118376426546841	0.033250726750062604	0.10359062791774588	6.085410844162485E-4	0.03037590646746026	0.04243840342656406	3.8375887822361253E-4	3.368827138995174E-4	2.382652631070497E-4
103	103	0.17393604106979033	0.12422387527597507	0.08616646109866344	0.3652344151009063	2.210994882442786E-4	0.0040908688732105535	0.0038431532097603868	0.24207511901722253	1.2239863100283098E-4	8.656823522423538E-5
104	104	2.9390412561991746E-4	0.07571110083905883	4.98101818476811E-4	0.22893180494301574	0.008210160979089822	0.21411263406427886	0.45933966994698977	0.0115547921702796	0.0012624489257189214	8.538218747181568E-5
105	105	0.02396248568028339	0.007636296477207703	0.0014404737056671853	0.004997489106056209	0.0072342250100860435	0.36496003602776395	0.0010564712029981305	3.976968857168286E-4	3.491181931473237E-4	0.5879657077110731
106	106	6.486336804559971E-4	7.881101387476857E-4	0.10440873565288053	0.5329597503192484	4.812716323100013E-4	0.041661329017308416	0.3182938071751968	3.0350007002945685E-4	2.664275227546409E-4	1.8843479106805226E-4
107	107	0.21550279183739496	0.03897446640234071	0.23290956514767527	0.10750634495717079	0.11533289896206513	0.18629561304130024	0.034733246123277994	0.0619760802361258	2.2503441943510203E-4	0.006543958873213946
108	108	6.453812909946579E-4	0.0032912664478966253	0.23174771893628388	0.2770694605085235	0.11329872129958751	0.352333830010348	0.005816413333108176	3.019782550836379E-4	0.015307739979874307	1.8748993829970924E-4
109	109	0.010826817665837733	0.0010395795299847589	0.16763702592982035	0.5634189515402465	0.11031823992673014	0.10481067703354571	0.0010634940732062311	0.04028521497672327	3.514389490286032E-4	2.4856037487676244E-4
110	110	0.10777317392217044	0.004129961487496081	0.026540341403796942	0.5238484256597603	0.33407480603375644	0.001679834809017411	0.0010066166374739765	3.7892968658120136E-4	3.3264340823454624E-4	2.3526695171266677E-4
111	111	0.01962007361572969	0.01499948927518493	0.14835192240436523	0.36475646216162644	0.04797489812014048	0.025029258499285396	0.04828133494814989	2.8619289192681816E-4	0.33052267884025693	1.7768924333413656E-4
112	112	0.11658230234044538	0.0663862169963193	0.3278147372461778	0.1015999812157633	0.037129551486683926	0.11131312484119753	0.2385917913633341	2.330369073542144E-4	2.045714385856981E-4	1.4468616413885652E-4
113	113	8.850146451607908E-4	0.5236528453568391	0.0599460726190764	0.22523630821441112	6.566610025482409E-4	0.18748830937865205	0.0011000571061407852	4.1410431631389315E-4	3.63521455355205E-4	2.571059055024717E-4
114	114	0.6520030585170435	0.10414241176902317	0.005283009873028665	0.10488099323535964	0.004380836898253165	0.12334742253869953	0.004855220797329306	4.43044985297763E-4	3.8892702031433714E-4	2.750743656508199E-4
115	115	0.03354267590526622	0.009481418022574602	0.08889711753155369	0.04070115569098768	4.199046391486951E-4	0.05393668862781184	0.7042074269512878	2.648007462555661E-4	0.024415405007200484	0.04413340687791342
116	116	0.0070988503802574205	6.816240717737365E-4	0.3474571950716745	0.07957350172369712	0.1289941046023884	0.3868972373521504	6.973041884507818E-4	2.624924402645239E-4	0.04817471588029801	1.6297428904509987E-4
117	117	0.001042754693465469	0.28077091433561263	0.038224271180901076	0.030435828381314412	0.021027608902686398	0.4963583276606342	0.13092113839554875	4.87911947877619E-4	4.283134813867053E-4	3.0293102057275356E-4
118	118	0.00915350500964633	0.00649900382178566	0.5267047289329213	0.17004597346789027	0.05111756582249205	0.2094439368756508	8.991283151963185E-4	0.01719874888393291	2.9712315103158713E-4	0.008640285719452703
119	119	6.602798268996245E-4	8.022605696705919E-4	0.06267864994176554	0.16547629209391226	0.10821925337347549	0.0013696048154830547	0.5984620575034582	0.05673860396047424	2.7121119964362405E-4	0.005321786715217317
120	120	0.07911203699270579	6.146492532656107E-4	0.048021038100154075	0.020660784108354684	0.004305653353209242	0.5119893959208064	0.2403775944006652	0.01988824198761806	0.07488364507416019	1.4696080906062296E-4
121	121	0.08970636481144235	0.27283946193918807	0.22762340692010086	0.1676955365173975	0.011995034318765418	0.18676281224720603	0.04147222422307903	1.7638724204978057E-4	0.0016192578254711233	1.095139552998931E-4
122	122	0.007427141719174912	0.015981520680323345	6.163178555255319E-4	0.09820160265853652	2.698255513293711E-4	0.5121505990614645	0.363515118756232	1.7015769936643975E-4	1.493729286962913E-4	0.0015183430893510878
123	123	0.22790648840707797	0.17999619360191324	0.054666173774098145	0.14210654469001163	0.15893272786921794	0.001887103637056208	0.1492496659436958	1.4817798822152782E-4	0.08378470931236891	0.0013222147763386927
124	124	2.7624210962545227E-4	0.0797462074085464	0.0047606316012963	0.21624738259976442	0.02810597464126368	0.35792054416456554	0.26754918275793516	0.04520011655381556	1.1346697398797513E-4	8.025118919954292E-5
125	125	0.25145566106694706	0.011571627129032177	0.047213000313771486	0.22271713978043775	0.04098247331812243	0.36291308244982046	0.0016009188315491735	0.06064289488215759	5.290346658383656E-4	3.7416756232356175E-4
126	126	0.052764662356671536	0.08779593570280624	5.447483728999413E-4	0.5537925266408936	2.3849224671280896E-4	0.13052616898232083	0.06782654476549908	0.03261525771425035	0.07380228510532973	9.33781126158942E-5
127	127	0.12053211218470464	0.23858961884516386	0.07353497633624996	0.31185997636055157	0.013699816845767342	0.17590735440372002	0.011597217896674663	0.05407606583068242	1.1882240195109342E-4	8.40388945344739E-5
128	128	3.361170670422782E-4	4.083927127495586E-4	0.11547226017538927	0.460281040663342	0.01983506464696588	0.3166793970423084	0.07876048071008394	1.572714406592512E-4	0.0079723300580211	9.764548343834402E-5
129	129	0.007761034710664935	0.14203373172135902	0.22497055419117584	0.1014679470353365	0.18287119273840804	0.31813269062323074	0.007976077171644929	0.014166144447322181	3.63521455355205E-4	2.571059055024717E-4
130	130	0.09466881895455759	8.643368632012691E-4	0.23057232672843211	0.12024776330990787	0.008818183792103343	0.42152064574373865	0.028518763890804176	0.0942903037096003	2.921966333971456E-4	2.0666037425752517E-4
131	131	0.19408082831418583	0.004528900817724821	0.574183616533419	0.04317019604567218	0.004108797121024939	0.005291971493881221	0.0011038521609447883	0.010765145091398368	3.647755573811842E-4	0.16240191686436772
132	132	9.297662866641129E-4	0.19978179772924973	0.1496618590250021	0.3160864461584946	6.898657160927403E-4	0.2655941131605431	0.04810981595069033	4.3504391094092976E-4	0.018441185342229525	2.701067200927695E-4
133	133	0.028784946648658653	0.0010903144262695479	0.4581801278583512	0.061051408055951654	0.17496326447465957	0.27027943375148633	0.0011153960777641671	4.198785023280562E-4	3.68590324286697E-4	0.0037466398802440968
134	134	0.2487424972889083	0.14775280614032832	0.11250239918012028	0.2580641254922853	3.3873356125528094E-4	0.04883068933657091	0.06973283320076185	0.0782463457393197	0.035656943943393284	1.326261170568264E-4
135	135	0.04132943313121545	0.030859906657092522	0.06678444623590743	0.3016357981561721	0.04336506746104248	0.11742074143720284	0.11508989342667168	0.0032851465943139853	1.1131676998736311E-4	0.2801182501303942
136	136	0.31903174758424463	0.12311855861857168	0.0365328470941174	0.35648802033204874	2.1512292408813288E-4	0.009611768998074689	3.6038001406905564E-4	0.14880675533111096	1.1909006038323456E-4	0.005715709043291488
137	137	0.018849325935068807	0.0013847775122371145	0.404825414396193	0.1528055540005053	0.10710335934708544	0.16175065261018562	0.15194840805848728	5.332758091489728E-4	4.681361449529408E-4	3.3109618613557534E-4
138	138	0.0038945595627198587	0.13105369623462665	0.023032068814462608	0.202912609430594	0.15545461752960993	0.2927963350861949	0.18372941475847168	0.00656758305583721	3.2749199129970596E-4	2.3162353618342736E-4
139	139	0.014665427765075501	0.16229198357465238	0.0675663207004642	0.01922453850454771	0.097381931114113	0.27388016206295357	0.32800796724261844	0.02045089010820674	0.01233816188512484	0.004192617042243582
140	140	0.0028848793008638177	7.175923648205621E-4	0.8728286396229881	0.014943974042420007	0.0027324923158402086	0.0012250607789631987	0.10397685522268962	2.763437776878666E-4	2.4258837275026532E-4	1.71574200976347E-4
141	141	5.58558557805985E-4	0.1026606016076453	0.1333061653165479	0.007623842306402364	0.18268002485423718	0.17040522293212304	0.4021125350813913	2.6135331315279913E-4	2.2942899413584957E-4	1.6226703655821583E-4
142	142	0.03490949752649854	0.06664994178930904	0.06826679518905818	0.24970798058198662	2.7487362174783174E-4	0.2367851900063749	0.2508684921157236	0.03615150434361483	1.5216749377345158E-4	0.05623355733191307
143	143	0.09762885025633816	0.05438792251599406	0.3226518545671663	0.03193329175713021	4.8741240126048643E-4	0.001362614645142048	0.4907800151741882	3.0737256880434096E-4	2.698269956291039E-4	1.9083911834707316E-4
144	144	8.047765767555197E-4	0.17917748636788564	0.004490226250941413	0.03286867428622718	5.971261567356421E-4	0.2736582827335451	0.4042942849079229	3.7656038340725133E-4	0.10349878641961306	2.3379591696622728E-4
145	145	5.734910848320503E-4	0.5353776166805557	9.719392391398427E-4	0.2083329610908885	4.2551751293321607E-4	0.11480925223603569	0.1366108774678481	0.0024961770395806114	2.3556255812411553E-4	1.6660509006215433E-4
146	146	0.010166363547778856	0.3282307823327587	0.037032542313180004	0.3004955957790352	0.01007332045326242	0.051177623850778106	0.07749349911069375	0.17807328063565853	0.007152233722102329	1.0475825475220779E-4
147	147	4.5896995316151287E-4	5.576627985349852E-4	0.5410139070791293	0.20238984449409575	3.405454036614294E-4	0.1970773326009996	0.05227625239738801	2.1475513394248654E-4	1.8852278462270044E-4	0.005482207354464308
148	148	0.004972676985859655	0.0012369165797346683	0.005679967999876067	0.1246256017255022	7.553422194341181E-4	0.20379954469500114	0.5311904490316941	4.7633477874880396E-4	0.12696742290737417	2.9574307677512603E-4
149	149	7.274523673179289E-4	8.838772999518308E-4	0.12839967349781664	0.3236072143040265	5.39753328875473E-4	0.41974642908891535	0.12524508536487924	3.4037986474719185E-4	2.9880244888033235E-4	2.1133243458950043E-4
150	150	0.007057396146698712	0.057251404753993373	0.0013639164659698178	0.451794185472421	0.16003892519028703	0.2924161414433747	0.004126632431558672	0.019134419093236824	0.003456873300522002	0.0033601057019378234
151	151	0.3117206021060175	0.17544568260886256	0.0656580691757936	0.32190604257103633	0.005243309244883519	0.03956762422412547	0.06537974718974868	2.8824756689668264E-4	2.5303811356907463E-4	0.01453763719906654
152	152	0.0027951007532104758	0.005141029561475049	0.6078172398065868	0.012256027379561017	0.04932803003839701	0.005632705364402364	0.04739182835726076	2.6774385359176105E-4	0.2692040601393204	1.662347461943647E-4
153	153	0.011407700637639117	0.0375657491286465	0.38934591840060984	0.16819114508793273	0.23258607842146958	0.1443672819405235	0.00937359179143194	0.006770838561052678	2.2942899413584957E-4	1.6226703655821583E-4
154	154	0.1377258480242989	0.42371898895071314	0.0012989421377252975	0.004506468363247831	0.21196255131799127	0.028386213931788674	0.14088945712567094	0.0033360002450391127	3.14816112464571E-4	0.047860713791060286
155	155	5.320081314972786E-4	0.0771138685912858	0.16210331182463456	0.19533007497440139	3.947380926440478E-4	0.052770737627091835	0.5111332533496602	2.4893018976774857E-4	2.18523355833911E-4	1.5455386318317366E-4
156	156	0.04367438915799419	0.2061628625734162	0.0038228953660278276	0.12739782969686866	0.02246274950191507	0.11629538764615989	0.11605731752370843	0.05464713587348582	1.1763267879343516E-4	0.30936179998163055
157	157	0.022271185323949613	0.004028571043048242	0.38186339028109834	0.004644760461014111	0.006723624920404006	0.5570817419161855	9.819042258519606E-4	0.01878210698415514	3.2447702142787585E-4	0.0032982378228651036
158	158	0.188898534840477	0.012261005529837487	0.28053180608302325	0.1291861915643328	0.0741765919599252	0.2768370420147738	0.03752427157081945	2.3394214070476325E-4	2.0536609764155336E-4	1.4524819846478584E-4
159	159	0.001155046923015378	0.014864425459263147	0.24874268295449922	0.19075849055844968	8.570188918396238E-4	0.46007014317514894	0.050792729620097066	0.03194947161423812	4.7443772908618517E-4	3.3555307436269443E-4
160	160	0.0291919938490088	0.20614986470293772	0.1606282868294416	0.09726717104922968	6.752326557063221E-4	0.11855072741273895	0.09304750397520911	0.29385103961333814	3.738025507121382E-4	2.6437736167751015E-4
161	161	0.007316287647890717	0.00181987237850309	0.10727123149395174	0.0029881966380994173	0.19312146103018812	0.5325893271496707	0.07750209021400224	7.00830210353621E-4	6.152237684755941E-4	0.07607547946886481
162	162	0.13005848707143894	0.09959088422832739	0.34231097083595585	0.26011398021892257	0.028693758040714133	0.055391502038502356	0.08313203364616922	2.834984618124441E-4	2.488691118855747E-4	1.760163462715419E-4
163	163	6.470033984321194E-4	0.09126886959691888	0.2650045187304333	0.29284630622659497	0.06331529832022594	0.27279028669889543	0.013371260719831453	3.0273725008451226E-4	2.657578813004571E-4	1.87961177282941E-4
164	164	0.08204644732568273	0.08212576550444281	0.04361334881465984	0.30738507024221673	2.7369198953909395E-4	0.3117131122141973	4.5849657101294274E-4	0.0904478148948095	1.5151335311556563E-4	0.08178473909032358
165	165	0.225796600041588	0.3646504165266558	0.03910679137621605	0.2342508398153319	7.157163634649792E-4	0.12940565967368314	0.004946188211579855	4.513458759042992E-4	3.962139567580159E-4	2.8022815881788434E-4
166	166	0.03433543847328061	9.539693937038576E-4	0.22093259121016887	0.07781707870407742	0.34218559664111076	0.21818052684624223	0.04672632176555005	0.05831788802606934	3.2249769397984656E-4	2.2809124581691696E-4
167	167	0.001139705340934109	0.0013847775122371145	0.5465023791492706	0.0022737789503603886	8.456357822772598E-4	0.0023640672629733498	0.07668252053341482	0.00938808610621632	0.009322946442020289	0.35009610292029586
168	168	0.06901501597688602	0.1180598862199227	0.5391556805220749	0.25547518530202973	0.004288797058573481	0.0069175923157831325	6.26327019351597E-4	0.004150695313250527	2.0697408191992653E-4	0.002103846190208018
169	169	0.07968528658372089	0.0010716360829195353	0.08372429787227091	0.3375302070570106	0.295310244236766	0.07720655143216776	0.02165367176188992	0.10319960402486253	3.6227594701474354E-4	2.5622500137709533E-4
170	170	0.4098390743608297	0.10583433388530179	0.0014745543982166399	0.13355227702137537	0.024304928295191798	0.22487875273145924	0.011221194311288648	0.08490483673253749	0.003737287331404055	2.527609323951601E-4
171	171	0.05873565565130077	0.3151067655607133	0.15078196682336092	0.013766508611774511	0.0036325832960811353	0.28223109693854515	0.1656773805083983	0.0034173993755239954	0.006422551988484885	2.2809124581691696E-4
172	172	0.016510209557521856	0.00896890112127215	0.14905524660446604	0.1222091211983772	0.008496664449599912	0.6225481576411435	0.016752771749768712	0.054758876476185714	4.100425596781568E-4	2.9000864198673305E-4
173	173	0.1153895675305491	0.004483592913261429	0.11157135090103497	0.6828215320905225	0.021913312776120412	0.039972017782173554	0.003139905401569753	0.00557672054975754	0.009617084343337858	0.005514915711672833
174	174	8.613247014407082E-4	0.23861124973966144	0.0583414448376594	0.015102320773828606	0.007331047353244115	0.6074093480767627	0.05795230287332926	0.0070949833892231685	3.537907657383764E-4	0.006942187489112109
175	175	3.259041824758837E-4	0.11307333333193481	0.16640326506297562	0.2196747089496138	0.0065720017678151665	0.480504280312399	0.008001318786057785	0.003950605670753215	1.3386576523652572E-4	0.0013607161707382418
176	176	0.0027719595322434933	0.0249044397835166	0.22006207753582785	0.4685633066306383	0.12050705580209277	0.00574981843911761	0.03575012910926289	0.11974734259034751	0.0011385876706750018	8.052829062779964E-4
177	177	0.31985887173489796	0.3460027451485185	0.19021695508490505	0.001214496523040337	4.5168054580303275E-4	0.05801829912527174	0.08352521752276341	2.848393050389955E-4	2.500461710513856E-4	1.7684883870960197E-4
178	178	0.35238075655343926	0.03620084458755048	0.45157472556693823	0.11567011188089281	0.03596012122138991	0.0030323493976368806	0.0026093260063523777	0.00221491261429711	2.0901982238121227E-4	1.4783234912166764E-4
179	179	5.646849045659581E-4	0.024816011062720914	0.04044230777304912	0.5407589177155251	4.189835248305649E-4	0.38724973509325694	0.005089147847562168	2.6421987208536865E-4	2.319454027652135E-4	1.6404680363863388E-4
180	180	0.005338383702558752	0.00310446872228395	0.6135189652938429	0.1762108582853945	0.10450357132341902	0.05565348342578046	0.0054862994395514265	0.009744102103004085	2.500461710513856E-4	0.026189821533113597
181	181	0.07350176465534072	0.08502089398584944	0.22885410460338484	0.2837166421470572	0.16221582667177353	0.09008209382221953	7.290817375424375E-4	0.07318966074831099	2.4093008701532727E-4	0.0024490015415059682
182	182	0.21162727689727984	0.0032585879196974105	0.5645457982455818	0.0757412494224441	0.0550828412917997	0.0658630080324725	0.023134170319306348	2.989799548607535E-4	2.6245953985814136E-4	1.856283766993983E-4
183	183	0.003766244119902131	0.006927253815057885	0.0672014366115454	0.06443774881588953	0.10540458522439108	0.5946517506514237	0.018929661550572092	0.1321501965847921	0.003311916234681143	0.0032192063917448528
184	184	0.007224809781340936	0.06945029928095121	0.35805825671308583	0.12978041756321357	4.236299562089373E-4	0.03223566288358213	0.34449258050508863	2.671500099826606E-4	0.057901327261408	1.6586604513806153E-4
185	185	6.5690989974211E-4	0.01355763183953257	0.2996848160616567	0.18504688179386083	0.29395512663832746	0.2055140680274495	8.165270566502873E-4	3.0737256880434096E-4	2.698269956291039E-4	1.9083911834707316E-4
186	186	0.00822859541590603	7.901009898683317E-4	0.22339954709930657	0.003823438886780197	0.010586918332158364	0.15796752601526912	0.5944435951717724	3.042667439051342E-4	2.6710054738174425E-4	1.889107976520592E-4
187	187	0.10158066813446334	0.011121694984221553	0.1256816108020291	0.05208238816550856	0.21886020799542363	0.397944003147717	0.03128914074238974	0.06083424372404415	3.549785174249753E-4	2.5106378677785087E-4
188	188	0.06998775316079583	0.05869978428898226	0.3236768751360975	0.28180593771056894	0.12723393882943104	0.10938171113561296	0.0012265654341988628	0.0272954338035234	4.053270046067004E-4	2.8667349618245334E-4
