0	0	0.5007736307201703	1.410044038696831E-4	0.2664136061392848	0.11459437321602067	0.11807738552065454
1	1	0.02383848225260079	0.913309766473228	0.05410263626086624	0.007410995350634547	0.0013381196626702254
2	2	0.5997060300632678	0.00282327521967595	0.2924113356363645	9.512147744814123E-4	0.1041081443062102
3	3	0.7961000599701118	0.009325408457974756	0.15932114154695967	0.004115680565201902	0.031137709459751795
4	4	0.06931263294656936	0.8841160976529095	0.0018484627959960771	0.022232098583618534	0.022490708020906445
5	5	0.3925586902676157	0.028193657760401183	0.006715384978846163	0.368060375655108	0.2044718913380289
6	6	0.2925403713319602	4.319421058760847E-4	0.001273134099697472	0.7007554877231885	0.004999064739277645
7	7	0.8165579099543324	3.4699688783555277E-4	0.0010227610700195941	0.10501167872643322	0.07706065336137911
8	8	0.20241708547756587	0.004068448729724972	0.03326787393896384	0.4605425328374506	0.2997040590162947
9	9	0.6777250642410139	2.72085637317307E-4	0.31802000737467384	0.0030367735598202856	9.460691871746233E-4
10	10	0.358430270294294	2.6564846134536556E-4	0.43309085436829026	0.009417283822025122	0.19879594305404522
11	11	0.6440114324402306	0.008774430467029505	0.009286267207139175	0.0220845010951149	0.31584336879048575
12	12	0.6270090511067696	1.729994000661067E-4	0.28344430147250405	0.05655680962578594	0.03281683839487422
13	13	0.3573435861594681	0.002507256917901305	0.14447672639442302	0.43612974549653427	0.059542685031673266
14	14	0.2194154470036941	1.729994000661067E-4	0.3128582729026229	0.45294509127929244	0.014608189414324449
15	15	0.005178033651728039	0.9788592700977601	7.111059505437543E-4	7.393986992481648E-4	0.014512191600719907
16	16	0.6847552559040858	0.007175326558224941	0.08570486168166246	0.09589077382567822	0.12647378203034845
17	17	0.41010963478281187	2.562780759078976E-4	0.08997690434812784	0.09623171642214642	0.4034254663710059
18	18	0.5374569184390104	0.010856130993104967	0.1406177553915686	0.015634258470991202	0.2954349367053247
19	19	0.15452994282547713	4.2745744655163254E-4	0.028946708397152552	0.12936146005947657	0.686734431271342
20	20	0.7224900241092047	4.216207829496804E-4	0.10706410647105255	0.13442229709250325	0.035601951544289634
21	21	0.21915986357282988	0.029862815959382047	0.178379711030743	0.41945243359766393	0.15314517583938106
22	22	0.11711549303030455	3.946755464678627E-4	0.042703947772586494	0.6946189801217166	0.14516690352892445
23	23	0.34014313734877333	3.6015042757280404E-4	0.26349318525226206	0.32185356580143615	0.07414996116995559
24	24	0.4183209540702858	0.031297195845259175	0.3456407227252699	0.0959176226490158	0.10882350471016917
25	25	0.3341244663018321	2.913394120231414E-4	0.09285146668822425	8.928781966086202E-4	0.5718398494013118
26	26	0.2588400586477265	0.18752390304069122	0.012191902882268553	0.27204777975505867	0.26939635567425496
27	27	0.024362848670326984	5.325035732681579E-4	0.07917366036512383	0.8639000368880895	0.032030950503191595
28	28	0.18659143879907833	0.001429502389328541	0.7587845973646459	0.006843383082184916	0.046351078364762315
29	29	0.4147108079403199	2.431600982372524E-4	0.06962160932193805	0.012557490525331273	0.5028669321141735
30	30	0.026954266992256486	0.025311115671355022	0.05410263626086624	0.7925887497438697	0.10104323133165245
31	31	0.4318916785782767	0.15335826185976312	0.16932570604394462	0.21374375376577176	0.03168059975224377
32	32	0.004076775899385338	0.8720252433922548	8.990032386745253E-4	9.347718505063068E-4	0.12206420561917893
33	33	0.5119740856209727	0.05289362463649322	0.1820992716853357	0.02983913748580178	0.22319388057139658
34	34	0.21217889273546486	0.0021803173475159524	0.20880414070356823	0.3997946078977164	0.1770420413157345
35	35	0.2701613627918438	0.1315759777218157	0.05354786158147343	0.1323195930430853	0.4123952048617817
36	36	0.22613702742418954	1.6760011184079678E-4	0.5256339273843122	0.23933697822500016	0.008724466854657244
37	37	0.2818091012973634	0.001510205915337481	0.19001912204180557	0.4387124096500451	0.08794916109544844
38	38	0.23997919525189668	0.11909193303455226	0.16288078400962858	0.02734014966876631	0.45070793803515613
39	39	0.3992102653617614	0.005117557672108791	0.3623697807388544	0.0828505314055838	0.1504518648216915
40	40	0.27665703666126995	2.763469968855204E-4	0.21784276781243467	0.023220976267581128	0.4820028722618287
41	41	0.1617397340402017	0.08425962506051894	0.3810980268609072	0.24099032671944334	0.1319122873189288
42	42	0.02151329671421349	0.7625886521887129	0.17113404289855777	4.36627353677553E-4	0.0443273808448383
43	43	0.5722341668657904	3.934184035152721E-4	0.07760574909973768	0.3483987101853731	0.0013679554455833683
44	44	0.10910053091004304	0.17315392717002395	0.0016112144348062445	0.7142335905421628	0.001900736942963993
45	45	0.28810630322560943	0.005336176242560292	9.148169817808162E-4	0.2924477334290651	0.41319497012098433
46	46	0.40871884886139287	0.06652451420011785	0.09623626352290651	0.08846641589890171	0.34005395751668105
47	47	0.08388428809167603	4.380701082826313E-4	0.7035522515236056	0.20705540334565123	0.005069986930784402
48	48	0.24153278943189457	1.2933951093539804E-4	0.1878262924995584	0.3187388546868831	0.2517727238707285
49	49	0.8147891653587404	3.4505806763631986E-4	0.009398188778193107	0.001057511659740359	0.17441007613568982
50	50	0.07044185479669834	3.5294631645440096E-4	0.03818883941324398	0.7954889829225329	0.09552737655107028
51	51	0.6459705127606394	0.10079208088401435	0.20545001168372493	0.04630108204226603	0.0014863126293550935
52	52	0.5570029688130346	5.147494915651715E-4	0.00151720594403353	0.1557786542986345	0.2851864214527322
53	53	0.0804064569533509	0.028132295245918468	0.16327794517408517	0.06121069922275917	0.6669726034038862
54	54	0.2163374059737145	0.0010839505968446145	0.011970959620288553	0.7668386783217429	0.0037690054874094667
55	55	0.3165041911966949	6.239683254414656E-4	0.011942868141176604	0.1787278097764646	0.49220116256022245
56	56	0.10345329630458547	0.46834112766757285	0.06599832035859432	0.1305868048166083	0.23162045085263905
57	57	0.21254383655656028	0.00955767561781346	0.48869438325077175	0.2757568280385221	0.013447276536332391
58	58	0.17617232223233326	0.1089409939530524	0.146776887049842	0.0010816870547896524	0.5670281097099826
59	59	0.667684845379984	3.559981966493724E-4	0.05004821054372656	0.021267065497425474	0.26064388038221453
60	60	0.678622646424161	7.310737614912821E-4	0.06134517276023408	0.00815958347182433	0.25114152358228925
61	61	0.07243744374416473	1.2314945300505602E-4	0.4300967965107663	0.2297017316312794	0.26764087866078445
62	62	0.219064812510703	0.028695123898446646	0.1772752960943041	0.1521593810068059	0.42280538648974025
63	63	0.0066446912112217	0.644506356395825	0.1663482677599384	9.488304574543315E-4	0.18155185417556047
64	64	0.49737015613120467	0.11129794247743074	5.253626220397179E-4	0.21124076181549384	0.17956577695383102
65	65	0.4183209540702858	0.2846905393188746	0.09224737925165453	0.0959176226490158	0.10882350471016917
66	66	0.1939893248997611	0.008296705974663117	0.1655191969760266	0.18901819357322458	0.4431765785763246
67	67	0.14405516864804732	0.07879027509136559	0.48640678762943473	0.03844058151746749	0.2523071871136849
68	68	0.0028305542766174354	5.371351177976758E-4	0.9800719439097246	0.014692693748077421	0.001867672947782859
69	69	0.38404999366884185	3.9978550086212586E-4	0.1565450929296095	0.03359330744414859	0.42541182045653786
70	70	0.16576654862775764	3.267984394468686E-4	9.632268568581884E-4	0.13858718557212427	0.694356240503813
71	71	0.51554158868043	0.0011441999572476187	0.04969175893367576	0.00350667006325174	0.43011578236539494
72	72	0.3816422982898847	1.4792841758617866E-4	0.3094378726154244	0.023209312295582703	0.28556258838152204
73	73	0.15828718211921977	0.2157376654831131	0.16334158636891322	0.004067110287925768	0.4585664557408281
74	74	0.701586433266601	0.016346857036770513	0.10335932544098009	0.06515497514234203	0.11355240911330627
75	75	7.976943512210679E-4	0.01730936213875747	0.710051572395832	0.06296802144419957	0.20887334966998986
76	76	0.20927668620277115	0.07302998806568899	0.03194544565154257	0.10266950554008526	0.583078374539912
77	77	0.4513936242648372	4.0502951039083994E-4	0.17827409068799327	0.2209520266748044	0.14897522886197415
78	78	0.6128174993387182	4.077034452221734E-4	0.07052087691778533	0.2950308127758329	0.021223107522441297
79	79	0.20805049187343194	0.44508280716683574	0.10142029332956366	0.24487602876351214	5.703788666564737E-4
80	80	0.0010315865600068826	1.9575719603934162E-4	0.049709526016728976	0.4570570767634712	0.49200605346375353
81	81	0.20649725313961215	1.323894923042698E-4	0.07113382480119167	0.7067699803469037	0.015466552219988182
82	82	0.49351356446662464	4.396293738789167E-4	0.0012957920506005644	0.10101047436449348	0.4037405397444022
83	83	0.3353976602235041	0.006555134073285038	0.2727736409330223	0.0073423636765454	0.37793120109364303
84	84	0.40217088808722073	2.500520224295954E-4	0.5777226613140922	0.012913409417345397	0.006942989158911943
85	85	0.31301951059838856	2.7884253111661115E-4	0.10467190757221428	0.40045142951683427	0.18157830978144626
86	86	0.37555517209904027	4.010837315193625E-4	0.03690267824541544	0.3454449245925058	0.241696141331519
87	87	0.4889322688983053	0.00814354857103746	0.19198714390822652	0.3050463733627497	0.0058906652596809345
88	88	0.007391238427405077	0.5387699843788961	0.15257534629582917	7.663432739664523E-4	0.30049708762390315
89	89	0.156320763232228	0.6862815577476339	0.027614725986053208	0.07517057674721404	0.05461237628687076
90	90	0.218570868687709	2.5312677004802865E-4	0.15445147862260059	0.03971446698531949	0.5870100589343228
91	91	0.5042865835514813	1.439627229095551E-4	0.052875152083690986	0.10184613993010971	0.3408481617118085
92	92	0.15606968935914137	1.453177515769777E-4	0.6651760932427058	0.016916986717018776	0.16169191292955704
93	93	0.034012628482957594	0.0030206293252248617	0.7564638957444552	0.0010177071021490762	0.20548513934521323
94	94	0.49599438352464514	2.7148757649688164E-4	0.029374992677872806	0.0228126472942595	0.4515464889267256
95	95	0.6040251061652987	1.6125449414445658E-4	0.2615901574453549	0.08535653364344914	0.048866948251752695
96	96	0.3484570101020792	2.801072767178027E-4	0.4226455504846604	0.09384027032714765	0.13477706180939483
97	97	0.07331651509417834	3.9978550086212586E-4	0.004415160710763828	0.9010576017984177	0.02081093689577803
98	98	0.11742018067407421	0.004480490102314472	0.08938573044035579	0.6591009244790351	0.12961267430422038
99	99	0.3663567220265068	0.0025043000602289265	0.23511396505700327	0.10540587115812149	0.29061914169813946
100	100	0.5567019682891361	4.077034452221734E-4	0.021007173050506967	0.001249503163314479	0.4206336520518202
101	101	0.18289051498498746	4.459790403930315E-4	0.001314507468363393	0.008588420859282664	0.8067605776469734
102	102	0.0627930973236429	3.946755464678627E-4	0.042703947772586494	0.8479998621169965	0.04610841724030615
103	103	0.23483598514905926	0.005937230985966342	0.030551198926521833	0.5856429934238492	0.14303259151460332
104	104	0.3733381419978766	1.411655616256985E-4	0.5387347499958691	0.08729509555737247	4.908468872560319E-4
105	105	0.33002832548471317	0.5899175896596258	0.007829362735763942	0.0641787097705446	0.008046012349352285
106	106	0.4032133195818404	3.119419553087596E-4	0.32924667858755313	0.006007207857791141	0.26122085201750644
107	107	0.19543996776136785	0.00879314141104931	0.08607389941535562	0.28655411984007595	0.4231388715721512
108	108	0.5393964055140437	0.007849077265444634	0.021018025164855552	0.016028620911787465	0.41570787114386865
109	109	0.4989253383482212	4.117812077781812E-4	0.0012137105646917638	0.051270929757192385	0.4481782401221163
110	110	0.298633667498402	3.8969457170808284E-4	0.0011486109850353244	0.016969847132520827	0.6828581798123338
111	111	0.35397580256419964	0.2765198201931308	8.668918846975128E-4	0.02947645589344914	0.33916102946452287
112	112	0.08460350342566328	2.3938978283378148E-4	0.3941572902125227	0.16547945090814678	0.3555203656708334
113	113	0.5540708808747536	4.2598318304277804E-4	0.04264252538842219	0.38068594658560695	0.022174663968174343
114	114	0.07252679284689546	4.558550672038948E-4	0.005034383133407712	0.8797994842601085	0.04218348469238442
115	115	0.058709296713056046	0.07296788751782482	0.8202819112763621	0.007442579734396497	0.04059832475836053
116	116	0.5058471010447687	2.697090655843258E-4	0.09687606432115368	8.265869091161635E-4	0.396180538659377
117	117	0.604403461747042	5.021918915039849E-4	0.17631501105267575	0.18857168144996023	0.030207653858818115
118	118	0.3568168711629114	3.479744913695123E-4	0.02074692815187731	0.0010664497266684018	0.6210217764671734
119	119	0.0685206844951978	0.0543095667703698	0.6514111617434908	0.05753628416389263	0.16822230282704886
120	120	0.562364172629165	0.006149294685791058	0.3058669928240903	0.07949368251760773	0.04612585734334583
121	121	0.30156455952255473	1.8111731157572706E-4	0.1911646453969015	0.37155195782223005	0.13553771994673797
122	122	0.586537899003622	1.747123951997376E-4	0.40648631141608466	0.004779050245658549	0.0020220269394350485
123	123	0.0796245579598097	0.10976526112882867	0.22213786611476807	0.39827569794311507	0.19019661685347847
124	124	0.6215726866634376	1.3267391144489626E-4	0.28827012862904966	0.08956319023244853	4.613205636193531E-4
125	125	0.727084538571265	6.208319619781516E-4	0.0018298802784538432	0.01195564295502227	0.25850910623328077
126	126	0.6433566727172189	0.07015908809470868	0.06920969433841764	0.2042368409539761	0.013037703895678796
127	127	0.3708332284239518	1.3894234795600927E-4	0.05890574074785529	0.46502074468269883	0.10510134379753804
128	128	0.715933628576954	1.614652990937515E-4	0.12336033480602115	0.007031253811973188	0.15351331750595795
129	129	0.45750131920040915	4.2598318304277804E-4	0.004704483302072568	0.13926204239974574	0.39810617191472963
130	130	0.6085414771424846	3.4219012351331647E-4	0.06195946565637103	0.14234392626428607	0.18681294081334487
131	131	0.023017677631560467	0.1388614208085692	0.046250953817404745	0.23318693258098977	0.5586830151614758
132	132	0.5314468969851023	4.475952201515621E-4	0.04118208018776647	0.24054861541626824	0.1863748121907113
133	133	0.2121057258918077	0.003929100603274021	0.001273134099697472	0.053781165704570394	0.7289108737006503
134	134	0.14859473454478142	0.04818133784440183	0.05393772185766273	0.5193718533164352	0.22991435243671876
135	135	0.33474057609565006	0.32048543684060915	0.1331624670091912	0.04360470840372602	0.16800681165082348
136	136	0.22509913598139827	1.392556528923513E-4	0.027469582415364704	0.6554832518797046	0.09180877407064003
137	137	0.2207231075881412	5.490742961443996E-4	0.2994670645929046	0.015019275803950679	0.46424147771885904
138	138	0.5052109882118566	3.836424069523969E-4	0.2744681690437927	0.08814675227609056	0.1317904480613076
139	139	0.3313130022508436	0.022519673285290993	0.4704235770475782	0.1424821149467208	0.03326163246956632
140	140	0.006094718007316383	2.839713011827649E-4	0.2261520972716735	0.0031694305795858715	0.7642997828402414
141	141	0.1579550803237211	2.68536280903796E-4	0.6399963705842109	0.05517714819410752	0.14660286461705657
142	142	0.45342242662312915	0.07222965617965939	0.2872902554255721	0.07836128250768276	0.1086963792639565
143	143	0.004222767415584971	3.159315294359753E-4	0.7094681632323772	0.11863142503233096	0.16736171279027082
144	144	0.30616700981555195	3.8725093521820454E-4	0.5372815937492469	0.154817634963349	0.0013465105366338842
145	145	0.2849690639132108	2.757300771465327E-4	0.3870195968950759	0.32677686784274645	9.587412718202432E-4
146	146	0.2674126229978347	1.7324205420100018E-4	0.07064212089859015	0.6120775867198746	0.04969442732949956
147	147	0.4262030464852544	2.2057878625806305E-4	0.06672789737456998	6.760156050173318E-4	0.5061724617489001
148	148	0.308203909684889	0.1235322598627986	0.5213967361550764	0.009440627887697119	0.03742646640953884
149	149	0.7243333592205583	3.49946317449966E-4	0.12852955530661503	0.00107249285177295	0.14571464630360362
150	150	0.6510525091290575	3.8725093521820454E-4	0.0011414084527973081	0.06389327605342479	0.2835255554295021
151	151	0.15985476908497606	0.014686568373039497	0.13278455862955404	0.6124972225651316	0.08017688134729868
152	152	0.012586971269350107	0.24752064832814522	0.21464486840120256	0.0075254691302986286	0.5177220428710034
153	153	0.2666633914430545	0.0024427025032904637	0.1008031474323174	0.0225646548583075	0.6075261037630301
154	154	0.09748088824784319	0.05410868869658171	0.36233867862864455	0.4280640668240145	0.05800767760291597
155	155	0.16492693665897773	2.557474206258876E-4	0.5681045123796482	0.1043149488722303	0.16239785466851783
156	156	0.3281385891647848	0.28411885471512105	0.1295890754765434	0.2554479019558006	0.002705578687750145
157	157	0.5774824908608555	3.801005086518923E-4	0.09344324176947315	0.035016640748028946	0.2936775261129905
158	158	0.32231155824280044	0.021643330078534518	0.03378571582699308	0.27119272247072884	0.35106667338094305
159	159	0.4760197050978763	0.005062087669350288	0.1683471437335246	0.006211104656335784	0.34435995884291304
160	160	0.27895680346758506	4.380701082826313E-4	0.09705406735487018	0.41986178375573385	0.20368927531352815
161	161	0.4776401247474018	0.02997144893489558	0.3414171733946776	0.008064119842652602	0.1429071330803724
162	162	0.15249774674315322	2.913394120231414E-4	0.09285146668822425	0.20610748341225885	0.5482519637443405
163	163	0.5206014171646771	0.005349619306387355	0.08909022770706687	0.06897286437379482	0.3159858714480738
164	164	0.5533436391649136	0.11639848974879409	5.223473967843709E-4	0.2860743995812044	0.043661124108303584
165	165	0.32206062968216215	4.644254973665592E-4	0.008889189162807114	0.6444099671469672	0.024175788510696905
166	166	0.24667917302996067	0.0034363803647640533	0.16627815009254773	0.06844709172060716	0.5151592047921203
167	167	0.011784476058417084	0.48955438213166896	0.03718239948112331	0.0016827674084363752	0.4597959749203543
168	168	0.20718034072512478	2.4220642905859184E-4	0.053660632476820326	0.13801161826506608	0.6009052021039302
169	169	0.21533474423369423	4.245190537946581E-4	0.0012512549158898956	0.08722750856463149	0.6957619732319897
170	170	0.19207174391997786	4.187618178296072E-4	0.02157696256232911	0.7437911008559239	0.042141430843939426
171	171	0.27420661812673647	3.777753540111875E-4	0.3681460808022369	0.255021997376532	0.10224752834048341
172	172	0.8042566420578892	0.02383186339400129	0.040335442725629916	0.013148781557241971	0.11842727026523758
173	173	0.3396599867614941	0.025914499256914164	0.009979109350172948	0.28237623090846675	0.342070173722952
174	174	0.5190559725853879	4.1454533690587966E-4	0.18581879799593104	0.2899129601545026	0.004797723927272481
175	175	0.6662694113144751	0.0026915798263377278	0.0017289490099946052	0.13103365212994814	0.1982764077192444
176	176	0.47474245776264334	0.0013433071830841134	0.01483524811292545	0.025868676298008604	0.48321031064333847
177	177	0.018132339207199463	0.005032658498057954	0.20231015446846143	0.6787082665833091	0.09581658124297197
178	178	0.048818793879035566	2.446047669113883E-4	0.036368309456169756	0.258202700041537	0.6563655918563461
179	179	0.8081190415467805	2.7148757649688164E-4	8.002000420435118E-4	0.018416525350285762	0.17239274548439326
180	180	0.11293110231199224	2.9272034281831497E-4	0.04352222626793352	0.008007017616900165	0.8352469334603556
181	181	0.30517630836263104	0.009415563156817066	0.007681414660164769	0.18581846154465845	0.49190825227572865
182	182	0.13845346347547566	3.0728548475576664E-4	9.057131121569008E-4	0.17011852031576447	0.6902150176118471
183	183	0.662721848338972	3.7096749576298485E-4	0.1272398316437164	0.08223104309173264	0.12743630942981587
184	184	0.10368095484086585	0.0491692136074774	0.5786556548139598	0.05418096623864417	0.21431321049905278
185	185	0.4058123114401394	0.01054751226891507	0.12626806108206884	9.682465283213733E-4	0.45640386868055527
186	186	0.10292756790417634	3.127317888881643E-4	0.8187541921139856	0.021214351655480804	0.05679115653746907
187	187	0.5948913874141997	0.003783552107827419	0.0012259724789035625	0.03495085764088874	0.3651482303581805
188	188	0.24870845493138782	4.7514521737120486E-4	0.005247420156860981	0.13609931876980208	0.6094696609245779
189	189	0.1316343005021076	2.5950883539458314E-4	0.7676579177323621	7.95325903014844E-4	0.09965294702712076
190	190	0.35412432861624105	0.06265436084989505	0.1351829482533968	0.2743242856033	0.173714076677167
191	191	0.7665209001420131	4.3498452553551096E-4	0.0012821015241770775	0.00133311245469924	0.23042890135357497
192	192	0.7239408844650862	7.060007006740377E-4	0.06495730105860485	0.0021637053086802616	0.20823210846695456
193	193	0.301769092994348	0.07245224739430979	0.39918723934099254	0.0052227738347124485	0.22136864643563703
194	194	0.014720456908616843	3.9092799145993965E-4	0.6499964118200361	0.0296839322437141	0.305208271036173
195	195	0.38529712613016737	4.010837315193625E-4	0.2869461650443431	0.020713123554937325	0.3066425015390327
196	196	0.39035300195145484	3.5806227479016185E-4	0.03294438512464319	0.24171443566291398	0.3346301149861977
197	197	0.28556105842084084	0.038616499529508554	0.11582883022573097	0.0012057232909341374	0.5587878885329854
198	198	0.8093213733734568	1.1876794871401773E-4	0.04842946379635319	0.11190819908510222	0.030222195796373818
199	199	0.24464215703015024	0.19526140311636478	0.14764210278429554	0.08803497303965091	0.32441936402953847
200	200	0.015808323187113955	5.348093182195315E-4	0.9758282241487781	0.005969057437679309	0.0018595859082091383
201	201	0.3051654375865671	0.00427312112773395	0.11945763998636218	0.2019906487780898	0.36911315252124693
202	202	0.3441733576009026	1.6062536906980061E-4	0.19034362052187873	0.46476388590886175	5.585105992870575E-4
203	203	0.2644094486420321	0.025843445761693628	0.06484186287614283	0.0015975447334375757	0.643307697986694
204	204	0.6702490382686452	0.06816955187124916	0.20049971760942956	5.04746086019955E-4	0.06057694616465599
205	205	0.5793638206117497	0.008247908231186813	0.040732460094570884	0.29478864659820503	0.07686716446428743
206	206	0.11487348685416059	1.270772754768042E-4	0.27508105273877137	0.4469161236864334	0.16300225944515778
207	207	0.32107603391766965	2.839713011827649E-4	0.28133130589830474	0.1733053238450322	0.22400336503781054
208	208	0.47365901290475454	3.9092799145993965E-4	0.0011522464461861755	0.013858464795571424	0.5109393478620279
209	209	0.5537807772992723	6.863837322623108E-4	0.018694719802583637	0.002103584492012314	0.42473453467386935
210	210	0.5054209503059418	2.500520224295954E-4	0.3732470479005467	0.004815365321759434	0.11626658444932243
211	211	0.8007500207261963	1.3353454881779477E-4	0.010123881573359068	0.025275552916671884	0.16371701023495497
212	212	0.21555122519938977	2.6451065005807136E-4	0.07573470019685005	0.32418821869140574	0.3842613452622963
213	213	0.3563975988585527	0.020532023434149546	0.02698989598658351	0.21726273923314146	0.3788177424875727
214	214	0.37759177792234394	0.046357857906361696	0.16648335652588284	0.34977960890044113	0.05978739874497034
215	215	0.5335616576093132	0.029095031095696385	0.02116431566629523	0.1332921623874564	0.28288683324123876
216	216	0.6968340373773382	4.289419499060758E-4	0.17838056723404577	0.0013145935595267162	0.12304185987918319
217	217	0.3284237551481502	3.035099818959503E-4	0.005809236696028847	0.16557101123627174	0.4998924869376532
218	218	0.08312973940512232	0.030376644027348514	0.1255285425155438	0.20513875500104561	0.5558263190509397
219	219	0.0012664274298612263	0.9945073628450171	0.0026540667784656384	7.365213616466734E-4	8.356215850093257E-4
220	220	0.18106557626476763	2.7389573459531217E-4	0.06289892999044273	0.46209154127712554	0.29367005673306873
221	221	0.07023195572378145	3.027659872022564E-4	0.0670775521066444	0.7534776804604779	0.10891004572189394
222	222	0.7834599341083411	0.005923502434103582	0.1611244844125436	0.006218341758811797	0.04327373728619993
223	223	0.36118381249243753	2.866070932817762E-4	0.20968742542847965	0.14474776368066924	0.2840943913051317
224	224	0.46318531080786024	2.702993077785156E-4	0.05550770569863383	0.03365500066723616	0.44738168351849117
225	225	0.21159704959042322	2.6226401960333773E-4	0.6845025785709175	0.06875204952895148	0.034886058290104396
226	226	0.46349149585131505	0.0059718323943618624	0.08784237011240482	0.44219372874292445	5.00572898993757E-4
227	227	0.4618241961024003	0.004424477725238803	0.11327107433553533	0.004955829152278118	0.4155244226845474
228	228	0.5298511967505618	3.6226307866458774E-4	0.012799805850548325	0.4351960246905719	0.02179070962965325
229	229	0.3839502888721523	2.500520224295954E-4	0.02503115179035026	0.041256563751896264	0.5495119435631715
230	230	0.6893711605511424	1.6805619980634842E-4	0.21003442033598527	0.0631046432881765	0.03732171962488936
231	231	0.090384508147745	2.557474206258876E-4	0.4666439846838036	0.1664336392982576	0.2762821204495679
232	232	0.29302523393110536	0.016473362396350524	4.946666478262528E-4	0.49239797353671033	0.1976087634880075
233	233	0.5037960688055491	2.7947347303610337E-4	0.4759944467715904	0.018958253513161844	9.717574366624499E-4
234	234	0.36166119210716924	4.769801343878231E-4	0.04388571025329437	0.05166525115653604	0.5423108663486125
235	235	0.08537769731916305	0.6165884795074846	0.012177763946007756	0.06291534808445202	0.22294071114289243
236	236	0.026984017123613847	0.033379926975743095	0.12591306237031186	0.035691426130654964	0.7780315673996762
237	237	0.005078827424449163	0.013647975819682094	0.24593337533601195	0.016052475863440104	0.7192873455564166
238	238	0.2830356126185123	3.654789410853753E-4	0.3354497544296684	0.17570397739606233	0.20544517661467152
239	239	0.1435803992098322	3.884689106200862E-4	0.004290182279808428	0.4824036891981158	0.3693372604016234
240	240	0.6002399669545306	3.5702725248603435E-4	0.11956778315952982	0.17742207049700354	0.10241315213644986
241	241	0.21115755710746345	3.2337598634125865E-4	0.3465513394486325	0.2654260482980949	0.17654167915946783
242	242	0.05313302156603225	2.662210456829467E-4	0.507308669965149	0.42543388253554393	0.013858204887591789
243	243	0.8235071333103257	0.00229782288513568	0.019151480637028814	0.01713589046084974	0.13790767270666004
244	244	0.8340960037243573	0.015487216994996344	0.04974420260313216	0.051953196791402666	0.04871937988611154
245	245	0.33910386294069544	0.006120576835935136	0.11634086489551285	0.5285499857545727	0.009884709573283789
246	246	0.39895951331187846	3.921692437802611E-4	0.0011559049935559083	0.1250324764096465	0.4744599360411388
247	247	0.3655736853282603	3.143235162187209E-4	0.1027215027437393	0.3903293665987244	0.1410611218130572
248	248	0.6039041419599978	7.060007006740377E-4	0.024945053556908684	0.2879654731779386	0.08247933060448091
249	249	0.0015068439287024857	2.859435686615926E-4	0.8481700962723576	8.763413646833208E-4	0.14916077486559493
250	250	0.47547319393336085	0.019048857335194957	0.46128211881220144	6.482315933556646E-4	0.043547598325887026
251	251	0.21149445155157873	0.06158890555816102	5.322758295165055E-4	0.5137515385336535	0.21263282852709023
252	252	0.008363797727623499	0.8554237674834577	0.13366311674995593	0.001194310731935038	0.0013550073070276603
253	253	0.464131217081658	1.3098549428710316E-4	0.052350850904422534	0.3047665511980027	0.1786203953216296
254	254	0.019740179847042436	0.557585838816805	0.04522416568576838	0.0020467143904570463	0.37540310125992715
255	255	0.328651616570278	1.446370636749625E-4	0.2767902515430261	0.3388719961197355	0.05554149870328535
256	256	0.002523298546639442	4.7882927852122014E-4	0.0014113323848862962	0.9357699936985444	0.05981654609140856
257	257	0.5519307912647867	2.7089213905839935E-4	0.05562944742443837	0.0425017745502622	0.3496670946214542
258	258	0.47052469122284724	2.63382544026694E-4	0.4059398569287037	0.002939637511573972	0.12033243179284829
259	259	0.6336337735789982	1.3029460348543503E-4	0.14068732518082788	3.9931847799112635E-4	0.2251492881586974
260	260	0.1947445115213067	0.02499966617364227	8.18184230288433E-4	0.4368582774391269	0.3425793606356356
261	261	0.07946195874248582	0.91686646476562	4.2137815624780926E-4	0.0015956226838742987	0.001654575651772115
262	262	0.0029910073886242126	0.8499439144133206	0.027836121805490728	0.10214493490110615	0.017084021491458264
263	263	0.054065289352818936	2.7089213905839935E-4	0.5140166275988933	0.062240935419018636	0.3694062554902106
264	264	0.3225245301958706	0.021790107463115622	0.01670938272576788	0.2708014032275463	0.36817457638769957
265	265	0.0071793931971645105	0.009234812958891827	0.9191881990220655	0.02773921050971865	0.03665838431215947
266	266	0.19343522722595055	0.7424005597468852	0.0025467452818400734	0.05861309245117237	0.0030043752941518232
267	267	0.013651224899018282	0.07277152274042176	0.2424566079406298	0.5976100105193923	0.07351063390053783
268	268	0.19372062560059766	2.639453916629307E-4	0.04138090765448471	0.39829031519829794	0.3663442061549567
269	269	0.00493287952769954	0.8800807202796197	0.06338972511990157	0.010447667963862815	0.04114900710891638
270	270	0.23714375472958882	0.13200321299010695	0.4084402075054572	0.0514692656110685	0.17094355916377854
271	271	0.6347787821121484	0.08310858956571411	6.705047363108047E-4	0.26960032053533345	0.011841803050493219
272	272	0.2945562733458426	2.763469968855204E-4	0.1574328440020019	0.04335761753772538	0.5043769181175445
273	273	0.3838817464468543	3.6015042757280404E-4	0.0010615306637762733	0.08274916939859353	0.5319474030632031
274	274	0.08234881933833417	0.011799702065814169	0.36524896647353466	0.42471011972856754	0.11589239239374943
275	275	0.3340096120154114	2.4904363924343613E-4	0.1761562181713554	0.4403268533459683	0.049258272828021386
276	276	0.03764272878845431	0.014573473333785376	0.9025172889545185	0.004872061858585097	0.04039444706465657
277	277	0.2879864015777821	2.948164605032128E-4	0.5832823210029104	0.08205949441598759	0.04637696654281662
278	278	0.6178631028486681	4.023904211812671E-4	0.010959723871125412	0.33679665640957185	0.033978126449453354
279	279	0.29558896248710836	0.2334734224280425	0.08235806245801373	0.16151048303575644	0.22706906959107892
280	280	0.26072245906798985	2.446047669113883E-4	0.002701371996242442	0.0641227076254854	0.6722088565433708
281	281	0.1252041225354908	1.600011339075579E-4	0.05358409127349771	0.7388835646027935	0.08216822045431041
282	282	0.01086663093224447	0.9228399407180684	0.03018715234802028	0.005650964053198972	0.030455311948467803
283	283	0.028183666316068653	0.010176082739401147	0.0011860315529055334	0.7472917337748068	0.2131624856168178
284	284	0.7218554576583379	1.7772924461587484E-4	0.26960933836250833	0.007739492235906963	6.179824986307906E-4
285	285	0.1471960323448336	0.052774979127061965	0.06880882100658645	0.09802292463829493	0.633197242883223
286	286	0.1464922505261395	0.022376186317099696	0.25725657835658094	0.22764287227216182	0.34623211252801794
287	287	0.39311094294513516	3.119419553087596E-4	0.005970626212985242	9.560195394385173E-4	0.5996504693471323
288	288	0.5890359348585462	2.546926755946184E-4	0.13684820334725326	0.05233265113354504	0.22152851798506085
289	289	0.15155875591661144	0.015653855155387496	0.7175385050542724	7.294250477114985E-4	0.11451945882601712
290	290	0.23709397659569362	3.676547578499058E-4	0.015966974550360637	0.352373237795883	0.3941981563002128
291	291	0.29118753786258805	0.3857305898755632	3.804268896399372E-4	0.29926286621423526	0.02343857915797349
292	292	0.27674598812468826	3.8127385235705246E-4	0.08447090419471873	0.28516607361830476	0.3532357602099311
293	293	0.33082562061464327	0.00282327521967595	0.08635345175984845	0.09141565159831773	0.48858200080751457
294	294	0.03137592410460364	2.6451065005807136E-4	0.8081527580389066	8.10655141257939E-4	0.15939615206517366
295	295	0.7718828712409846	6.085955910102629E-4	0.1496160716866862	0.0018651844252436328	0.07602727705607525
296	296	0.32711572874401945	0.018998746665345977	0.11031988692404494	0.4170689957852469	0.12649664188134263
297	297	0.45695335940014725	2.4363975463116247E-4	0.02636185456689334	0.4209094263068567	0.09553171997147154
298	298	0.0022922487624067876	0.02860931268699565	0.0012821015241770775	0.938129523823249	0.02968681320317147
299	299	0.6976431990349848	0.023591973649747966	0.050883356935345306	0.014501024155643031	0.2133804462242788
300	300	0.41651693407678575	2.4078986927845566E-4	0.05139727353439751	7.379572257319429E-4	0.5311070452938063
301	301	0.006322471195196261	0.9725787365472263	0.003536287199219906	0.003676985339908572	0.013885519718449056
302	302	0.0070325001772277166	0.8572133425819227	0.13095772703368208	0.0010042077424061067	0.0037922224647612872
303	303	0.691831128845726	3.7208504804923936E-4	0.11858554324735862	0.1849049313916321	0.004306311467233988
304	304	0.7101371572839243	0.0012959420111431528	0.13652982879957734	0.04080821046915473	0.11122886143620049
305	305	0.7981577851930041	0.09172444238731946	0.07188597323050692	0.0373588083427624	8.729908464070943E-4
306	306	0.509782401804446	0.06150746553013697	0.04618755919523166	0.3760603104549601	0.006462263015225209
307	307	0.2605451193444587	5.394812347884286E-4	0.0015901018835915118	0.7179781311972088	0.01934716633995265
308	308	0.4271957748054052	3.6226307866458774E-4	0.0010677576282447118	0.402932892079237	0.16844131240844842
309	309	0.34065693339888925	2.4655790801002926E-4	0.45786142545316055	0.11454025556555965	0.08669482767438044
310	310	0.49393272508281905	5.667094554349251E-4	0.006258639487072219	0.4284471693003324	0.07079475667434143
311	311	0.5435733241828841	0.044167837623420726	0.0511557178451637	0.26719045995078045	0.09391266039775105
312	312	0.03528324211468912	0.9141337148543448	0.009631174259947872	0.002475161782094903	0.038476706988923234
313	313	0.7732371368231835	4.289419499060758E-4	0.011682895715837568	0.2131595511139163	0.0014914743971563768
314	314	0.3559916020195856	0.02375143492925593	0.1086960757486377	0.42358005852119185	0.08798082878132892
315	315	0.002206759556518453	0.993819483576644	0.0012342856662441717	0.0012833941488237357	0.0014560770517695523
316	316	0.20266718242702103	0.006628547700193297	0.0017647382742412056	0.541277525000687	0.24766200659785736
317	317	0.5180051532381542	0.050629953470807815	0.003009994958092414	0.0031297535269607132	0.42522514480598483
318	318	0.4004854257107649	8.292397590130025E-4	0.40527353830375645	0.08982110014577148	0.1035906960806942
319	319	0.3212708916783092	0.018933681654430472	0.09164739594912856	0.4107245758332614	0.15742345488487033
320	320	0.481244876728494	0.004597278221202138	0.09517184634362866	0.29698376910139723	0.122002229605278
321	321	0.2743777233514315	0.24598074372876852	0.034889785401698986	0.12946103146926868	0.31529071604883224
322	322	0.328729227438603	2.8462569370499193E-4	0.35341700331429	0.06539639534045938	0.25217274821294255
323	323	0.8472789225933707	0.058218884049817655	0.033811766536164745	0.044696486490173055	0.01599394033047378
324	324	0.5481628615327964	0.06235525644977267	0.12021596108297675	0.1369591144064952	0.13230680652795893
325	325	0.2325851880366621	2.745044642443399E-4	0.7053374012305181	0.0030637703161732442	0.05873913595240211
326	326	0.4917220400280751	3.6226307866458774E-4	0.20344558946298205	0.03337337307667312	0.27109673435360504
327	327	0.25655961194728627	0.022473575235700344	0.2992274542322952	0.4032691444440635	0.01847021414065468
328	328	0.6394752170968311	0.03854262815873487	0.13395203914378984	0.01896591410528003	0.16906420149536408
329	329	0.02842048352312856	3.012888869647586E-4	0.01064541071172012	0.9522671757784992	0.008365641099687343
330	330	0.2684734321746708	2.7947347303610337E-4	0.36964671675571276	0.15245859544798707	0.20914178214859325
331	331	0.2202860754224355	0.007349155614652511	0.14315472817081704	0.4858289157166718	0.14338112507542308
332	332	0.2965374045954376	0.013793838904136928	0.5415133447126823	0.03493768840204544	0.11321772338569776
333	333	0.5261964097481225	2.552189583770118E-4	0.08960505780435955	0.01731293371679478	0.3666303797723461
334	334	0.03181418705899746	2.5106860474571945E-4	0.7426907143027143	0.12070121556688514	0.10454281446665732
335	335	0.171531952174375	0.0070979217124513185	0.036774557722255394	0.7752496727633862	0.009345895627532075
336	336	0.7858785985669106	4.0502951039083994E-4	0.17499482623405138	0.004520572714639284	0.03420097297400782
337	337	0.5962716097381464	5.021918915039849E-4	0.30235871719055646	0.001539085245363004	0.09932839593443013
338	338	0.3788684502012639	2.859435686615926E-4	0.2161472833127915	0.31804529878395277	0.08665302413333015
339	339	0.6757800950553989	0.003053467032559848	9.894053102673574E-4	0.3190098389718234	0.0011671936299503599
340	340	0.20320107451317024	0.07508672755230938	0.09772850460991239	0.43221664969243495	0.19176704363217298
341	341	0.19673515672857522	3.012888869647586E-4	0.725372936062385	0.07654300649218962	0.001047611829885315
342	342	0.2184845174364088	0.04502443870831719	0.13953360731742923	0.012033953339723211	0.5849234831981215
343	343	0.07423472834074009	0.23653619555122427	0.41647361245298975	0.03426986140646263	0.23848560224858328
344	344	0.12055826721775784	0.6022592405497732	0.0014801928614218381	0.26175834953002003	0.013943949841027052
345	345	0.2797967629870942	0.045645389946593506	5.516328852688487E-4	0.6051681048713241	0.0688381093097193
346	346	0.13495828418001027	0.49172803065232573	0.08733018795229476	0.08983541898451569	0.19614807823085342
347	347	0.40249050309525314	4.5754375433028485E-4	0.4532901084553845	0.001402250520789519	0.14235959417424243
348	348	0.03950166719934084	0.02754233101260952	0.5369247772631475	0.3776229167263951	0.018408307798507
349	349	0.1643291597563107	0.16917957353147337	0.04799807156434422	0.5089466410277488	0.1095465541201229
350	350	0.6649089474237573	3.356801246494112E-4	0.05806293037638652	0.0010287707463023093	0.2756636713289044
351	351	0.21825280426575272	0.0010935476293712143	0.5167409567933919	0.2335490523306559	0.030363638980828223
352	352	0.3305421002462417	0.0023556362425279824	0.43267762085076605	7.936583658513041E-4	0.23363098429461288
353	353	0.7408188198429437	4.037056527937779E-4	0.00445845417876487	0.24310965699580134	0.011209363329696161
354	354	0.7634776724714437	0.0544375781976357	0.0020002277130708158	0.05481153751442047	0.12527298410342932
355	355	0.685997401404257	1.3499402823556887E-4	0.0014908502893879992	0.2976988843607832	0.014677869917336224
356	356	0.483867936569808	5.997302431560661E-4	0.02604584144526108	0.4776899061384685	0.01179658560330639
357	357	0.13702444501257324	0.0029805622353664273	0.4625698312054819	0.10712008107738204	0.2903050804691963
358	358	0.7239860290740641	2.72085637317307E-4	0.12857034186789673	8.338704725321792E-4	0.1463376729481896
359	359	0.2985516008738186	5.371351177976758E-4	0.00593202570717959	0.5104603306904442	0.18451890761076004
360	360	0.3477349512786803	1.616766559271577E-4	0.05938118978134199	0.31727163302639244	0.2754505492576581
361	361	0.3257785184794616	2.801072767178027E-4	0.6222162767636952	8.584546744155492E-4	0.050866642805709794
362	362	0.5979154187457713	3.5910331560300504E-4	0.14352248878193297	0.19008347272655376	0.06811951643013892
363	363	0.025419037966057594	0.04809366938943199	0.0056053602207867	0.036622989068244106	0.8842589433554796
364	364	0.8882445639766158	2.639453916629307E-4	0.10335381292496018	0.0072199129742631174	9.177647324978907E-4
365	365	0.21956872494283297	0.03199449630013702	0.01858143550839511	0.09996803066755414	0.6298873125810807
366	366	0.08278046619275403	0.019020283084265746	0.03219184023871914	0.7248986420842968	0.14110876839996428
367	367	0.07633115990039188	3.8245446255338986E-4	0.02280269230290836	0.2860490871585252	0.6144346061756212
368	368	0.06030250720274687	0.5728026134395563	0.2528304659259995	0.11117200906362319	0.00289240436807407
369	369	0.12552533267825283	4.117812077781812E-4	0.29459942930538124	0.02126557215871278	0.5581978846498749
370	370	0.16709287047360938	3.294132004647985E-4	0.6143918904758368	0.21437337530939415	0.0038124505406948992
